111111111111100101
000000000000001001
111111111011101110
111111111011101101
111111111111011010
111111111011111000
111111111011100000
000000000010110000
111111111101101010
111111111110001011
111111111111011000
111111111111001001
111111110111000001
000000000010001110
111111111110011011
000000000010111101
000000000010100111
111111111001100001
111111111011101111
111111111011111111
000000000000101101
000000000001111011
111111111110100011
111111111000111101
000000000001001011
111111111101011000
111111111100110101
111111111010101111
111111110111111101
000000000001110101
111111110110000000
111111111010110110
111111110110111110
111111110110001001
111111110001010100
111111110111011001
111111111011000101
111111110111001010
111111111001000110
111111110101010111
111111111100101000
111111111011001011
111111111010101001
111111110101110111
111111101110100100
111111111000111000
111111101111001111
111111110110011101
111111110111001100
111111110111011001
111111110101110001
111111110100000010
111111111000010110
111111110100110011
111111110011110111
111111111010100010
111111111010001100
111111111101101011
111111110101101001
111111110101010100
111111110110110100
111111111000100100
111111111010011111
111111110110111001
111111111010001010
111111110101010110
111111110111000000
111111111001000111
111111101101110110
111111110100001110
111111110001000110
111111110110010100
111111110100010101
111111111010000011
111111111100000000
111111111010010110
111111111000111001
111111111111101100
111111110111000000
111111110110110001
111111101010101110
111111111000000001
111111111001101011
111111110101001000
111111110110000010
111111110011111100
111111111100010100
111111111001100110
111111110111011001
111111101111100010
111111111101110111
111111111011101000
111111110111010100
111111111010010011
111111110110000001
111111110111100011
111111110101000000
111111111111010101
111111111111110100
111111110001001010
111111111111101000
111111110011010110
111111110010001011
111111111111110101
111111110110000011
111111111111001011
111111111111110100
111111111111101000
111111111111110110
111111111111000010
111111111111110011
111111111111011001
111111110111100100
111111111111111001
111111111111011000
111111111001110011
111111111111011001
111111101110111100
111111111111011110
111111111111010101
111111111111100110
111111111001100111
111111111111110011
111111101110100001
111111111111101111
111111111111011011
000000000000001001
111111111111001000
111111111010110001
111111111001110100
111111111011100101
111111111010001110
111111111011000101
111111111011000100
111111111010110101
111111111010000101
111111111011010010
111111111010011101
111111111010111101
111111111011011100
000000000000000000
000000000000000000
000000000000000000
000000000000000000
000000000000000000
000000000000000000
000000000000000000
000000000000000000
000000000000000000
000000000000000000
000000000000000000
000000000000000000
000000000000000000
000000000000000000
000000000000000000
000000000000000000
000000000000000000
000000000000000000
000000000000000000
000000000000000000
