111111111001100001
111111111111100010
000000000000100010
000000000011101101
111111111000101110
111111110110011000
111111110111101111
111111110011111110
000000000011000100
000000000010000100
000000000101010000
111111111010001110
111111110100011111
000000000100110011
000000000010010111
000000000111001001
000000000110010001
111111101101010001
111111111000110011
111111101011100101
111111111001010100
111111100001010000
111111111100011011
111111111100110110
111111111101010011
111111111100110101
111111111101101001
000000000011101110
111111110100100000
111111110111011111
000000000100110010
000000000101110010
111111110101011011
111111111010101110
111111011001111101
111111111101010110
000000000000000000
000000000000000000
000000000000000000
000000000000000000
000000000000000000
000000000000000000
000000000000000000
000000000000000000
000000000000000000
000000000000000000
000000000000000000
000000000000000000
000000000000000000
000000000000000000
000000000000000000
000000000000000000
000000000000000000
000000000000000000
000000000000000000
000000000000000000
000000000000000000
000000000000000000
000000000000000000
000000000000000000
000000000000000000
000000000000000000
000000000000000000
000000000000000000
000000000000000000
000000000000000000
000000000000000000
000000000000000000
000000000000000000
000000000000000000
000000000000000000
000000000000000000
000000000000000000
000000000000000000
000000000000000000
000000000000000000
000000000000000000
000000000000000000
000000000000000000
000000000000000000
000000000000000000
000000000000000000
000000000000000000
000000000000000000
000000000000000000
000000000000000000
000000000000000000
000000000000000000
000000000000000000
000000000000000000
000000000000000000
000000000000000000
000000000000000000
000000000000000000
000000000000000000
000000000000000000
000000000000000000
000000000000000000
000000000000000000
000000000000000000
000000000000000000
000000000000000000
000000000000000000
000000000000000000
000000000000000000
000000000000000000
000000000000000000
000000000000000000
000000000000000000
000000000000000000
000000000000000000
000000000000000000
000000000000000000
000000000000000000
000000000000000000
000000000000000000
000000000000000000
000000000000000000
000000000000000000
000000000000000000
000000000000000000
000000000000000000
000000000000000000
000000000000000000
000000000000000000
000000000000000000
000000000000000000
000000000000000000
000000000000000000
000000000000000000
000000000000000000
000000000000000000
000000000000000000
000000000000000000
000000000000000000
000000000000000000
000000000000000000
000000000000000000
000000000000000000
000000000000000000
000000000000000000
000000000000000000
000000000000000000
000000000000000000
000000000000000000
000000000000000000
000000000000000000
000000000000000000
000000000000000000
000000000000000000
000000000000000000
000000000000000000
000000000000000000
000000000000000000
000000000000000000
000000000000000000
000000000000000000
000000000000000000
000000000000000000
000000000000000000
000000000000000000
000000000000000000
000000000000000000
000000000000000000
000000000000000000
000000000000000000
000000000000000000
000000000000000000
000000000000000000
000000000000000000
000000000000000000
000000000000000000
000000000000000000
000000000000000000
000000000000000000
000000000000000000
000000000000000000
000000000000000000
000000000000000000
000000000000000000
000000000000000000
000000000000000000
000000000000000000
000000000000000000
000000000000000000
000000000000000000
000000000000000000
000000000000000000
000000000000000000
000000000000000000
000000000000000000
000000000000000000
000000000000000000
000000000000000000
000000000000000000
000000000000000000
000000000000000000
000000000000000000
000000000000000000
000000000000000000
000000000000000000
000000000000000000
000000000000000000
000000000000000000
000000000000000000
000000000000000000
000000000000000000
000000000000000000
000000000000000000
000000000000000000
000000000000000000
000000000000000000
000000000000000000
000000000000000000
000000000000000000
000000000000000000
000000000000000000
000000000000000000
000000000000000000
000000000000000000
000000000000000000
000000000000000000
000000000000000000
000000000000000000
000000000000000000
000000000000000000
000000000000000000
000000000000000000
000000000000000000
000000000000000000
000000000000000000
000000000000000000
000000000000000000
000000000000000000
000000000000000000
000000000000000000
000000000000000000
000000000000000000
000000000000000000
000000000000000000
000000000000000000
000000000000000000
000000000000000000
000000000000000000
000000000000000000
000000000000000000
000000000000000000
000000000000000000
000000000000000000
000000000000000000
000000000000000000
000000000000000000
000000000000000000
000000000000000000
000000000000000000
000000000000000000
000000000000000000
000000000000000000
000000000000000000
000000000000000000
000000000000000000
000000000000000000
000000000000000000
000000000000000000
000000000000000000
000000000000000000
000000000000000000
000000000000000000
000000000000000000
000000000000000000
000000000000000000
000000000000000000
000000000000000000
000000000000000000
000000000000000000
000000000000000000
000000000000000000
000000000000000000
000000000000000000
000000000000000000
000000000000000000
000000000000000000
000000000000000000
000000000000000000
000000000000000000
000000000000000000
000000000000000000
000000000000000000
111111110101110010
111111111100000010
000000001001111010
000000000010000100
000000000001000101
000000000111110101
111111111011001101
111111110100011010
111111111011001111
111111111100100100
000000000101101000
111111111110011100
111111110110110001
000000000100000111
111111111011110111
111111101110101000
000000000111100010
000000000110000010
111111111100000111
111111111101011100
111111111101011101
000000000000011111
111111111101000001
000000000110010100
000000000000001110
111111111000110010
111111110111101011
000000000001000110
111111111100010100
111111111110010000
111111111011100010
111111111110111101
111111110010001111
000000000000011110
000000000001011000
111111111100110110
000000000111100100
000000000100010010
111111111110001010
000000001000101001
111111111011110101
000000000001100001
000000000001010101
000000000000110110
000000000101111111
111111111000011111
000000000001000100
000000000010110010
000000000000110001
111111111010101111
000000000010000101
111111111011110110
000000000101001100
000000000010000111
111111111110100110
000000000001000000
000000000011001001
000000000011011101
000000000110000000
000000000101000001
000000000010001110
000000000010101001
000000000100100001
000000001001001100
111111110111001010
000000000101100000
000000000101100101
111111111100111010
000000000011101111
111111111011110001
111111111101001011
111111111111111010
000000000011111001
000000000000111101
000000001011010000
000000000101001011
000000001000000001
000000000010100111
000000000101000100
111111111111100010
000000000100111001
111111111110000100
000000000101011011
000000000011000011
000000000111000000
000000000010000001
000000000100111111
111111111101000111
111111111101111000
111111111110011110
000000000110100111
000000000100011011
111111111000100110
000000000000000101
000000000100010101
000000000101101100
000000001001000010
111111111100001110
000000000011110010
111111111111101000
000000000001101110
000000000010110011
000000001000001011
000000000111111011
111111111100001010
000000000101100011
111111111101000101
111111111101000110
000000000000100101
111111111101010111
000000001001010111
111111111001011001
111111111110000100
111111111011111110
000000000001100011
111111111100110010
111111111100110010
000000000111001011
000000000101011101
000000000100000101
000000000011100111
111111111111111010
111111110111111000
111111111100101011
111111111011111000
000000000100100100
000000000111111011
111111110101111110
000000000110010111
111111111111101001
000000000110110000
111111111101100011
111111110110111101
000000000000111101
111111111011000000
000000000010100110
111111111010101100
111111111110010101
111111111110100001
000000000011000010
000000000110001101
000000000001001111
000000000010011100
111111110111101110
000000000000001110
000000000001101001
000000000010001101
000000000001001100
000000000010001100
111111111101110010
000000001000101100
000000000001011110
111111111110110100
000000000000111011
000000000101000000
111111111101011010
000000000001010111
000000000010010111
111111110010010101
000000000011110010
111111111011100011
000000000100101000
000000000110000000
000000000100000110
000000000100001000
000000000010101111
000000000100111011
111111111010111001
000000000010111111
111111111010011111
111111111110111000
000000010010110010
000000001110111100
000000000111001011
000000000011110011
000000001010010100
000000001001000001
000000000001011100
000000000100111001
000000000011100111
000000001010010101
000000000111000010
000000000001100101
000000001000101100
000000000001110101
000000000111011111
111111111111101100
000000000100000001
111111111100111101
000000000010001110
000000000001110101
111111111100011111
111111110110010100
000000000000011101
000000000011001100
111111111011101110
000000001001010110
111111111101001100
111111111010010101
000000001011001010
000000001010101101
000000000000010011
111111111110001001
000000000011010000
111111111011110000
111111111110000010
000000000001100100
111111111010101110
000000000010001111
111111111000111101
000000000000110001
000000000110000101
000000000001010000
000000000101110011
111111110011010010
111111111100000011
111111111111011110
000000000011101000
000000000000101111
111111111100000000
111111111010010100
111111111011100010
111111111110000111
111111111100100101
111111111010101101
111111111110000111
000000000010101100
111111111000111101
111111110101001110
000000000011011111
000000000101010010
111111111100100100
000000000111111001
111111111101111111
000000000000001100
000000000001010111
111111111111110010
000000000010000111
000000000101100101
000000000100011111
111111111100010111
111111111111100110
111111111101011111
111111111101100110
111111111110001001
111111101111110001
111111111010010110
111111110101100111
000000000011000001
000000000101110111
000000000001100101
000000000010010011
000000000100110101
000000000000010011
111111111010110011
000000001000001100
111111111010100010
111111111100100010
000000000001001101
111111111111010101
111111111111100100
000000000001111111
000000000011110100
111111111100000011
111111111110011000
000000000000000101
000000001000100101
111111111101110110
000000000000100111
111111111111111001
111111111001011001
111111111010111001
111111111101010101
111111111010100111
111111111111010010
000000000001000011
000000000001110110
000000000010001110
111111111111100111
000000000001000111
000000000101100001
000000001001001111
111111111011100010
000000001100010011
000000000000111110
111111111111000100
000000000111000100
000000000110011110
000000000100000100
000000000011100000
111111111110000011
000000000001000010
000000000011001001
000000000010101011
000000000110010110
111111111001010011
111111111101111011
111111111011110000
000000000010011000
000000000100000010
111111111001111101
000000000100001100
111111111110101000
111111111100110000
111111111110111111
000000000001110011
111111111110110111
111111111110011101
111111111111101110
111111111001000011
000000000001110010
111111111101010110
000000000000010111
000000000011000001
111111111001101000
000000000010000000
111111111111100110
111111110101110110
000000000011111011
111111111101110010
111111111100100011
111111111100110011
111111111110111101
111111111010100001
111111111010010100
000000000001010111
000000000001111100
111111111101101101
111111111101011000
111111111100001111
111111111110011110
000000000101100001
111111111111000001
000000000001101111
111111111101111000
111111111110101011
000000000100100011
000000000101110111
111111111110111000
000000000101101101
000000000011010111
111111111101101011
111111111110011100
000000000011010110
111111111100100100
000000000010101001
000000000100111011
000000000001100110
000000000101000101
000000000010111110
000000000000100100
111111111111011110
111111111000001010
000000000101000100
000000000010100001
111111111110011111
000000000011100111
111111111011000101
000000000010011010
111111111010110001
111111111100100010
111111111101111011
111111111001101001
111111111001100101
111111111110010001
000000000110100000
111111110110111111
111111111111001000
000000000011111010
111111111111101001
000000000001000010
111111111010100010
111111111110001001
000000000101011110
000000000001101101
000000000010100110
111111111110110010
111111111010110001
111111110110000101
111111111101010110
000000000000110011
111111111010010010
111111111011001111
111111111010011011
111111111110111101
111111111101010110
111111111101000010
000000000101110111
111111111100111001
000000000101001110
000000000001110001
000000000000010011
000000000111110010
000000000010001001
000000000001100110
111111111100011010
000000000100100010
000000000111101000
000000000010100101
000000000000001111
000000000100001101
000000001001010001
000000000101101100
111111111110100110
000000000100010101
000000000001010001
000000000001010100
111111111011001011
000000000000100111
000000000001010001
111111111110010110
111111111010110100
111111111000100101
000000000000101111
111111111001010011
111111111110111001
000000001011001111
000000000111011000
000000000011011111
000000000101111101
000000000111011000
000000001001001001
000000000010001010
111111111000001100
000000000011011110
111111111011001101
000000001000000010
000000000010010011
000000000111100110
000000000100111111
111111111100010110
000000000111000001
000000000001101111
111111111110011011
000000000000010110
111111111110101001
000000000011100110
000000000010100010
000000000000100011
111111111001110111
000000000110100010
111111110110100100
111111111101101010
000000001000101111
000000000100000010
111111111110001001
111111111000111110
111111111011010111
111111111101110000
000000000101110011
111111111011000101
000000000100000100
111111110111011111
111111111110101001
111111111100110011
000000000001000100
000000000100010010
000000000100000001
111111111111010000
000000001000111110
111111111100000001
111111111111100001
000000001000111010
111111111110001111
000000000010001010
000000000100010111
000000000110101110
111111111110001000
000000000001101100
111111111111011111
111111111110111100
111111110111111001
111111111111101110
000000000000011011
111111110100001001
111111111100001001
000000000000000100
000000000101011100
000000000001010011
000000000011101000
111111111111000110
111111111101011001
111111111101111100
111111111111100010
000000000111111011
111111111111010100
000000000100110100
000000000011001100
000000001011001101
000000000110101100
000000000110000100
000000000011010011
000000000011100001
000000000001011100
111111111111110011
111111111101110110
111111111110111010
111111111110101011
111111111111001001
111111111111100010
000000000010110111
111111111100100011
000000000000001101
111111111111011001
111111111111010011
111111111000101100
000000000011100101
000000000000001111
111111111101101101
000000000001101011
111111111001001000
111111111111010101
111111111000011001
000000000101010110
111111111001001010
111111111111101010
111111111011101111
000000000000010000
000000000010110100
111111111100001011
111111111100010011
000000000110011110
000000000001010100
000000000001110101
111111111110011010
000000000001010000
000000000010110101
111111111100100011
111111111010001000
000000000001100011
111111111101110111
111111111111010000
000000000011100011
111111111101000110
111111111111001100
000000000101110100
000000000011110000
000000000011010010
000000000011000101
111111111011110111
111111111111011011
000000000010010010
000000000100011110
000000000101011110
111111110101101000
111111111100010101
111111111100111110
000000000100111010
000000000000001001
111111111101011100
111111111011001011
000000000000100000
111111111100101111
111111111111011011
000000000000101000
111111111101011111
000000000000110000
000000000000000011
111111111001100001
111111111010110110
000000000110110010
000000000110111011
000000000101010000
000000000001111111
000000000010010111
111111111101010101
111111111011011000
111111111111010000
000000000001001000
000000000111100011
000000000010100111
111111111101111111
000000000011010110
111111111110110010
000000000001111110
111111111010101010
111111111101111111
111111111101111110
111111111101110011
000000000010010111
111111111101110000
000000000011100010
000000000001001010
111111111110011010
111111111100110111
111111111011100000
111111111111011111
000000000001000100
111111111100110011
000000000010000010
000000000000110110
111111111111000011
000000000000110110
000000000001001100
000000000000111001
000000000010110011
111111111110111110
111111111111000100
000000000000101100
111111111101011111
111111111111010001
111111111111101000
111111111100100001
000000000010101001
111111111110000000
000000000001010101
111111111111011011
000000000000111100
111111111110010010
000000000000000111
111111111111001101
111111111101111000
000000000001110001
111111111111101000
111111111111011101
000000000010110101
111111111101110100
000000000010111011
000000000000110111
000000000001010100
000000000001001001
111111111110010111
111111111100010011
111111111011010100
000000000001101000
000000000000001110
000000000001001110
111111111111001110
111111111101010010
111111111111110011
111111111111001000
000000000001000111
000000000000000000
111111111100110101
000000000000010111
111111111111100111
000000000000000010
111111111110100110
111111111010010010
000000000011001010
000000000000101101
111111111110101100
111111111101101101
000000000100001111
111111111111111011
111111111111000101
000000000001011110
111111111111101001
111111111101101110
000000000000000010
000000000000010111
000000000000011000
000000000010101001
111111111100000001
000000000001101100
000000000010101111
000000000010111110
111111111100101000
111111111100110110
000000000000001010
111111111101011111
111111111111011011
111111111110110011
111111111111001010
111111111101010110
111111111111010100
111111111100100100
111111111110111001
111111111110001101
111111111100110011
111111111110001110
111111111111001100
000000000000110110
111111111110110000
000000000010111001
111111111110100111
000000000001011011
111111111100100001
000000000001000000
111111111110010110
111111111111110001
000000000000101100
111111111111011000
111111111111000110
111111111101111010
000000000001001100
111111111101011111
000000000010011110
000000000000101011
000000000100110100
111111111111001101
000000000000101001
111111111111001011
000000000000011010
000000000000011110
111111111101010000
111111111111101010
111111111110001000
111111111110111111
111111111010100011
111111111110000100
111111111110110001
111111111110100000
000000000000011100
111111111100011110
111111111110001011
111111111110100101
111111111101110100
000000000000001111
111111111101101101
111111111111100011
000000000010110010
111111111111011111
000000000000100011
000000000001110111
111111111111111101
111111111100101110
000000000000000000
111111111011101110
111111111110111001
000000000001111000
000000000111001100
000000001011111100
000000000111011001
000000000101100111
000000001001100100
000000000100100001
000000000101100101
000000000110010110
000000000000010000
111111111110001101
000000000001101011
000000000100001000
111111111111110000
111111111111000010
000000000011111111
111111111110011101
111111111111010100
111111111111111000
000000000001000000
111111111110110111
000000000001000111
000000000000010001
111111111101100101
000000000001010110
111111111111100111
000000000000001011
111111111111001100
000000000010000101
111111111101001111
000000000001101010
111111111110110001
111111111111101000
111111111111000001
111111111111101001
111111111011001101
000000000010000100
111111111101110111
000000000011000000
111111111111101000
111111111110000001
111111111111101011
111111111111110011
111111111111010100
000000000011001111
000000000001110001
111111111111100010
000000000000011010
000000000001010110
000000000001011110
000000000001000110
111111111110011110
111111111110110010
111111111110100001
111111111100111000
000000000000000010
111111111110111000
000000000001000100
000000000010001111
111111111010100000
111111111100011010
000000000001110011
000000000000110111
000000000000100100
111111111100101111
111111111111000110
111111111110111011
000000000000111001
111111111110001010
000000000000000101
000000000010101111
111111111100100111
111111111110100111
000000000010110101
111111111111001110
000000000001111101
111111111101010111
111111111111010110
111111111110101110
111111111111001111
000000000010100010
000000001000011100
000000000110110001
000000001010101010
000000000010111000
000000000011001101
000000000111111000
000000000010011100
000000000010100000
000000000101001011
000000000000100011
000000000000010000
000000000001100011
111111111110101001
111111111110010010
111111111101010011
000000000010000101
000000000000000101
111111111110010010
111111111101011101
111111111110111100
111111111101011110
111111111100110111
111111111100110011
000000000000111101
111111111101010101
111111111100001001
000000000010110111
000000000001010110
000000000001010011
111111111110110010
111111111111111000
000000000010110110
111111111110011101
111111111110110010
111111111111001001
000000000010111110
000000000001001111
111111111111101010
111111111101100010
000000000000111111
000000000000001110
111111111110100011
000000000001111100
111111111110000101
000000000100000111
111111111111010111
111111111111110001
000000000011111011
111111111111011110
111111111101101100
111111111100100010
000000000010000011
111111111101100101
000000000000110000
111111111100111100
111111111100011101
111111111101110011
111111111101111011
000000000011010111
111111111111001001
000000000000011011
111111111100111001
111111111110111101
111111111111110010
111111111111001100
111111111111111110
111111111111110001
000000000000000110
000000000011110010
000000000100011100
000000000010111010
000000000000010001
000000000000000001
000000000000000001
000000000000111001
111111111111111001
111111111111110111
111111111111110110
111111111111111010
000000000000000001
111111111111111010
111111111111111100
111111111111111011
000000000000000011
111111111111111110
111111111111111100
111111111111110000
000000000000000011
111111111111111101
000000000000000010
000000000000000000
111111111111110101
111111111111110001
111111111111111100
000000000000000001
000000000000000011
111111111111110110
111111111111101111
111111111111110110
111111111111110000
111111111111100101
000000000000100100
111111111111111000
000000000001000001
111111111111010101
111111111111101000
000000000000001000
000000000001010100
111111111111100011
000000000001001110
111111111111101110
000000000000000101
000000000000000111
111111111111111011
111111111111111100
111111111111111000
111111111111110110
111111111111111010
111111111111111000
000000000000000011
111111111111110000
111111111111110001
000000000000001010
000000000100111111
000000000101010010
000000000101111110
000000000011111010
111111111111111011
000000000000111100
000000000010111011
000000000000111000
000000000000010011
000000000001101110
000000000000010101
111111111111100001
111111111111111110
000000000000000011
000000000000000001
000000000000001001
000000000000000100
111111111111111010
111111111111111011
111111111111111010
000000000000000110
000000000000001000
111111111111111100
111111111111111110
111111111111111011
111111111111111100
000000000000000010
111111111111111011
111111111111111101
111111111111111110
000000000000000010
111111111111110111
000000000000000100
111111111111111001
111111111111111000
000000000000010010
111111111111111010
111111111111111101
111111111111110110
000000000000000110
111111111111111100
000000000000000100
111111111111111011
111111111111110101
111111111111111011
000000000000000111
111111111111111101
111111111111111010
111111111101110101
000000000000000111
111111111111110100
000000000000110011
111111111111101101
000000000010000010
000000000011101111
000000000010110101
000000000001011111
000000000011000011
000000000010011111
000000000101001111
000000000000001001
000000000000000000
000000000000000100
111111111111111100
111111111111111001
111111111111111011
111111111111111011
111111111111111011
111111111111111000
111111111111110011
111111111111101100
111111111111111011
000000000011010101
000000000100110111
000000000010110010
000000000010101010
000000000000011101
000000000001011011
111111111111011001
000000000000011110
000000000000100100
111111111111001000
111111111111101110
000000000001101001
000000000000000100
000000000000000100
111111111111111111
111111111111110011
000000000000000111
000000000000000000
000000000000000001
111111111111111101
111111111111111111
111111111111110111
000000000000001100
000000000000001010
000000000000000001
111111111111111011
000000000000000000
000000000000000011
000000000000000101
111111111111111101
000000000000001001
111111111111111110
000000000000000101
000000000000000010
000000000000001000
000000000000001110
000000000000000010
000000000000000101
000000000000001010
000000000000000110
000000000000000001
000000000000000001
000000000000000000
000000000000000011
000000000000000000
000000000000001010
111111111111111000
000000000000001101
000000000000000000
000000000000000100
111111111111111101
000000000000000000
111111111111110011
111111111111110100
111111111111110101
000000000000000110
111111111111111101
111111111111110010
111111111111111010
111111111111101111
000000000000000000
000000000000000000
000000000000000000
000000000000000000
000000000000000000
000000000000000000
000000000000000000
000000000000000000
000000000000000000
000000000000000000
000000000000000000
000000000000000000
000000000000000000
000000000000000000
000000000000000000
000000000000000000
000000000000000000
000000000000000000
000000000000000000
000000000000000000
000000000000000000
000000000000000000
000000000000000000
000000000000000000
000000000000000000
000000000000000000
000000000000000000
000000000000000000
000000000000000000
000000000000000000
000000000000000000
000000000000000000
000000000000000000
000000000000000000
000000000000000000
000000000000000000
000000000000000000
000000000000000000
000000000000000000
000000000000000000
000000000000000000
000000000000000000
000000000000000000
000000000000000000
000000000000000000
000000000000000000
000000000000000000
000000000000000000
000000000000000000
000000000000000000
000000000000000000
000000000000000000
000000000000000000
000000000000000000
000000000000000000
000000000000000000
000000000000000000
000000000000000000
000000000000000000
000000000000000000
000000000000000000
000000000000000000
000000000000000000
000000000000000000
000000000000000000
000000000000000000
000000000000000000
000000000000000000
000000000000000000
000000000000000000
000000000000000000
000000000000000000
000000000000000000
000000000000000000
000000000000000000
000000000000000000
000000000000000000
000000000000000000
000000000000000000
000000000000000000
000000000000000000
000000000000000000
000000000000000000
000000000000000000
000000000000000000
000000000000000000
000000000000000000
000000000000000000
000000000000000000
000000000000000000
000000000000000000
000000000000000000
000000000000000000
000000000000000000
000000000000000000
000000000000000000
