111111110110100011
000000000101110101
000000000010101001
111111111110010110
000000000100110011
111111111100011010
111111111011011010
000000000010100100
000000000111100000
111111110100000110
111111101100011011
111111110011000011
000000000000011001
111111111110110111
000000000111111101
111111111000001101
111111010111111110
111111111010000111
111111110010011110
111111111011111111
111111111110010001
111111111010101001
111111110111111000
000000000010110011
111111111100011001
000000000001010101
111111111110101000
111111101000111110
111111100001010011
111111011110011101
111111101110110001
111111010110010100
111111010001001011
111111111000111001
111111100110101011
111111100111111000
000000000000000000
000000000000000000
000000000000000000
000000000000000000
000000000000000000
000000000000000000
000000000000000000
000000000000000000
000000000000000000
000000000000000000
000000000000000000
000000000000000000
000000000000000000
000000000000000000
000000000000000000
000000000000000000
000000000000000000
000000000000000000
000000000000000000
000000000000000000
000000000000000000
000000000000000000
000000000000000000
000000000000000000
000000000000000000
000000000000000000
000000000000000000
000000000000000000
000000000000000000
000000000000000000
000000000000000000
000000000000000000
000000000000000000
000000000000000000
000000000000000000
000000000000000000
000000000000000000
000000000000000000
000000000000000000
000000000000000000
000000000000000000
000000000000000000
000000000000000000
000000000000000000
000000000000000000
000000000000000000
000000000000000000
000000000000000000
000000000000000000
000000000000000000
000000000000000000
000000000000000000
000000000000000000
000000000000000000
000000000000000000
000000000000000000
000000000000000000
000000000000000000
000000000000000000
000000000000000000
000000000000000000
000000000000000000
000000000000000000
000000000000000000
000000000000000000
000000000000000000
000000000000000000
000000000000000000
000000000000000000
000000000000000000
000000000000000000
000000000000000000
000000000000000000
000000000000000000
000000000000000000
000000000000000000
000000000000000000
000000000000000000
000000000000000000
000000000000000000
000000000000000000
000000000000000000
000000000000000000
000000000000000000
000000000000000000
000000000000000000
000000000000000000
000000000000000000
000000000000000000
000000000000000000
000000000000000000
000000000000000000
000000000000000000
000000000000000000
000000000000000000
000000000000000000
000000000000000000
000000000000000000
000000000000000000
000000000000000000
000000000000000000
000000000000000000
000000000000000000
000000000000000000
000000000000000000
000000000000000000
000000000000000000
000000000000000000
000000000000000000
000000000000000000
000000000000000000
000000000000000000
000000000000000000
000000000000000000
000000000000000000
000000000000000000
000000000000000000
000000000000000000
000000000000000000
000000000000000000
000000000000000000
000000000000000000
000000000000000000
000000000000000000
000000000000000000
000000000000000000
000000000000000000
000000000000000000
000000000000000000
000000000000000000
000000000000000000
000000000000000000
000000000000000000
000000000000000000
000000000000000000
000000000000000000
000000000000000000
000000000000000000
000000000000000000
000000000000000000
000000000000000000
000000000000000000
000000000000000000
000000000000000000
000000000000000000
000000000000000000
000000000000000000
000000000000000000
000000000000000000
000000000000000000
000000000000000000
000000000000000000
000000000000000000
000000000000000000
000000000000000000
000000000000000000
000000000000000000
000000000000000000
000000000000000000
000000000000000000
000000000000000000
000000000000000000
000000000000000000
000000000000000000
000000000000000000
000000000000000000
000000000000000000
000000000000000000
000000000000000000
000000000000000000
000000000000000000
000000000000000000
000000000000000000
000000000000000000
000000000000000000
000000000000000000
000000000000000000
000000000000000000
000000000000000000
000000000000000000
000000000000000000
000000000000000000
000000000000000000
000000000000000000
000000000000000000
000000000000000000
000000000000000000
000000000000000000
000000000000000000
000000000000000000
000000000000000000
000000000000000000
000000000000000000
000000000000000000
000000000000000000
000000000000000000
000000000000000000
000000000000000000
000000000000000000
000000000000000000
000000000000000000
000000000000000000
000000000000000000
000000000000000000
000000000000000000
000000000000000000
000000000000000000
000000000000000000
000000000000000000
000000000000000000
000000000000000000
000000000000000000
000000000000000000
000000000000000000
000000000000000000
000000000000000000
000000000000000000
000000000000000000
000000000000000000
000000000000000000
000000000000000000
000000000000000000
000000000000000000
000000000000000000
000000000000000000
000000000000000000
000000000000000000
000000000000000000
000000000000000000
000000000000000000
000000000000000000
000000000000000000
000000000000000000
000000000000000000
000000000000000000
000000000000000000
000000000000000000
000000000000000000
000000000000000000
000000000000000000
000000000000000000
000000000000000000
000000000000000000
000000000000000000
000000000000000000
000000000000000000
000000000000000000
000000000000000000
000000000000000000
000000000000000000
000000000000000000
000000000000000000
111111110010101011
000000000111101010
111111110111101101
000000000110010000
000000000011100001
111111111110011101
111111110110001101
111111110101001110
111111111100111100
000000000110001010
111111110101010110
000000000110101101
111111101110101011
111111111001111110
000000000010010010
000000000101110101
111111111110111110
111111111101010010
000000000001010100
000000000100110100
000000000011001110
111111111110001010
000000000111100010
111111111100101110
000000000010110100
000000000000111111
111111111000010011
000000000011001100
111111111101001101
000000000101001011
000000000011111111
000000000010000010
111111111101110110
000000000111000000
000000000000000111
111111111100111011
000000000101101100
111111111111001100
000000000011110100
000000000000110010
111111111111010011
000000000010110100
000000000110011110
000000000101001001
111111111110000101
111111111100011110
000000000001001100
111111111111100101
111111111010100100
111111111111100110
111111111101000000
000000001100101110
111111111100000011
111111111111110100
000000000100000110
000000000010011011
000000000011101001
000000000101100010
000000001011110101
000000000100011001
000000000011000000
000000000010000101
000000000010011101
000000000010011110
111111111101101101
000000000000011010
000000000000100000
000000000011000000
111111111110110001
000000000111110000
111111110110101010
000000000001011101
000000000010101110
000000000011100010
111111111001001111
000000000100100110
000000000011101111
000000000001111010
000000000100010010
000000000001000000
000000000111101100
000000000010011110
111111111110110011
111111111111110111
000000001100110001
111111111101010110
111111111110101101
000000000100001010
111111111100011001
000000000111011101
000000000001101000
000000000001000001
000000001001011111
000000000010011001
000000000001000001
111111111110001001
000000000001111100
000000000110111100
000000000000000000
111111111000111111
000000000010001110
111111111010100110
111111111011110000
000000000010000000
000000000111011011
000000000100011110
000000001000101011
111111111110111100
111111111100001000
000000000000100111
000000000101000010
111111111101010111
111111111111101111
000000000010001101
111111111111001110
111111111101010101
000000001001010111
000000000001011110
000000000001000010
000000000011110001
111111111101000110
111111111111100101
000000000011000101
000000000001010000
000000000100111011
111111111100010000
000000001010010010
111111111100000011
111111110100101001
000000000001100100
111111111000110111
000000000111000110
111111111110011100
000000000000100000
111111111110110111
000000000011111000
000000000100110101
111111111001001111
111111111000101101
000000000001001111
000000000100101100
111111110010011001
000000001010000101
111111111110010000
000000000010111100
000000000011001001
111111111011111001
000000000001111111
111111111110101111
111111111111110111
000000000010011001
000000000001010111
111111111110110100
111111111111101011
111111111100111010
000000000010010011
111111111001010011
111111111100110100
111111111110101011
000000000001011101
111111111111011010
111111111110110110
000000000000111110
111111110010111111
000000000001110010
111111111101110010
111111111110001101
111111111110001111
111111111100001111
000000000100110110
111111111101101000
111111111110111010
000000000111101010
111111111111101100
000000001001000101
000000000110100110
000000001010101000
000000000000100101
000000000101010000
000000000011001001
000000000001000110
000000000100010001
000000001000100110
000000000011011110
000000001001110100
111111111111001001
000000000000000000
000000000000001101
000000000101101101
000000000100011001
000000000110010011
000000000010101011
111111110110111001
111111111111011010
000000000011110001
111111111110111000
000000000110110110
111111111111010101
111111111011101110
000000000100001110
111111111010101011
000000000010001001
111111111111010011
111111111110100110
000000001001110011
111111111000000101
000000000000100000
111111110011100010
000000000010010110
000000000010000011
000000000001100101
000000000101100011
111111111110001100
111111110010011110
000000001011101001
111111111101011010
111111111110101100
000000000001010110
111111110101110111
111111111100000101
000000000001110001
000000000101101110
111111111001011100
000000000000110010
111111111100000111
111111111111101000
111111101111001001
000000000000111100
111111111011100001
000000000000100000
000000000001000010
000000000011001000
111111111001101100
111111111010011110
111111111111101110
000000000101000011
111111111110111110
111111111010001011
000000001000000110
111111111001010111
111111111110111011
111111111110010010
000000000101110001
111111111101000110
000000000001100001
000000000100010110
111111110110010011
000000000101001110
111111110111101111
111111111111111000
000000000111001001
111111111111010001
111111111111001100
000000000101111101
000000000011110101
111111111101000001
000000000111010111
000000000001011010
111111111111000101
111111111001111011
000000000010011110
111111111011110000
111111111001010100
000000000011010100
111111111000101101
000000000010000010
000000000100101101
111111111011110001
111111111110100010
000000000001101100
000000000000001000
000000000000001111
111111111111001010
000000000111101111
111111111111110000
111111111000011100
000000000111000110
000000000001111110
000000000101011111
111111111111100010
000000001011000010
111111111100001101
111111111110101001
000000000100010110
111111111010001011
000000000001000000
000000000101000110
111111111110101001
000000000000010000
111111111100100000
111111111010100110
111111111100011110
000000000000101001
000000000001110101
111111111101011010
000000000010001100
111111111110101111
111111111111101100
111111111101010110
111111111110011011
111111111011011010
111111111110111101
111111111100100101
111111111110010010
000000000010110100
000000000001001001
000000000001111000
000000000000110101
111111111100100001
111111111111100111
111111111111001001
111111111101000101
111111111110110010
000000000000101010
111111111001110111
111111111110101000
111111111110111100
111111111110110011
111111111101000101
111111111111000100
111111111110000111
000000000010110110
111111111110001010
000000000010001001
000000000010111010
111111111010101011
111111111111111000
111111111110010111
111111111001110000
000000000000000000
111111111111010101
000000000100000101
111111111111000111
111111111111001101
111111111101100100
000000000001100100
111111111110101001
111111111001010110
111111111100111011
000000000000011001
111111111100001000
111111111010001101
111111111001010101
111111111010100001
111111111000100001
000000000100011010
000000000000101000
111111111101001010
111111111111000100
111111111101011111
111111111110000011
000000000100001101
111111111110110010
111111111101010101
111111111101101011
000000000010000100
000000000011000110
111111111111100010
000000000100010101
111111111110110010
111111111011101010
000000000011100000
111111110010010110
000000000010011100
111111111111001110
000000000001101011
111111110111011101
111111111111001000
111111111100101010
111111111001100101
000000000001101100
000000000001001001
111111110110011001
000000000011100010
000000000000011000
111111111101110011
111111111111100001
111111111001101100
111111111010000101
000000000000000001
111111111010100110
111111111111110011
111111111111101100
111111111101001100
111111111111111010
000000000010000010
000000000001110110
000000000010101101
111111111100010010
000000000001100001
000000000001101000
000000000001110010
000000000000100010
000000000001001100
000000000110011001
000000000011001111
000000000000010011
000000000011111000
000000000010010011
000000000111010000
000000001001010101
000000000110011111
000000000011011010
000000000011100100
000000000100111001
111111111100111100
000000000000101100
111111111111111010
111111111110110000
111111111111001110
000000000010000011
111111111110111111
000000000110011010
000000000010010000
000000000010101011
000000000010101000
000000000010100000
000000001001010110
000000000110010001
000000001010001000
000000000110100011
000000000101001100
000000000101101110
000000000101011011
111111111100111001
000000000101001101
111111111101000111
000000000000010100
000000000011100111
000000000000111111
000000000101000110
000000000000111110
111111111100010010
000000000110011101
111111111001101001
000000000010001100
111111111111000100
000000000100001010
111111111110111000
111111111110111110
000000000100011111
111111111001010011
000000000100001110
111111111011101000
111111111010011011
111111111111001111
111111111101100011
111111111110101001
000000000001110100
000000000000100110
111111111000101000
000000000101011100
111111111000101010
000000000001100010
111111111100101010
000000000100001010
111111111110000110
000000000000001100
111111111101101011
000000000011000010
111111111011101010
000000000001000001
000000000001010100
000000000010000011
000000000100011011
000000000100100001
000000000001111001
111111111110101001
000000000001010011
111111111001010101
000000000010010010
111111111111110111
111111111111100011
000000000010100101
111111111001000011
111111110101010000
000000000000111101
111111111100001011
111111111111100010
000000000000110110
000000000010101000
000000000011001110
111111111110011100
000000000001100111
000000000000010000
111111111110001110
000000000100101101
000000001000101000
000000000101011100
000000000110110111
000000000100111010
000000000011111000
111111111111000111
000000000101110101
111111111011111101
000000000000100110
000000000001111110
000000000101100100
111111111100011000
111111111100101100
000000000000011011
111111111011000000
111111111101100110
111111111100111110
111111111110010101
111111111110111011
111111111010101001
000000000100011001
111111111110101000
000000000010011110
111111111100101001
111111111010000100
111111111111010100
000000000000100100
111111111010111110
111111111101100110
111111111111011100
000000000010110100
111111111011001001
000000000000001011
111111111100101110
111111111101110001
111111111000110101
111111111100011100
111111111111101010
111111111111110000
111111111111101101
000000000101001000
000000001000010110
111111111101101111
111111111111001001
000000000001011111
000000000100011000
000000000011001101
000000000010111000
000000000110010001
000000000001101001
111111111100001111
000000000000011011
000000000001111010
111111111110101111
111111110111100100
111111111010010100
000000000011011101
000000000100000101
000000000011111101
000000000000100010
111111111101111100
000000000011010010
111111111001111000
111111111010011010
000000000100011001
111111111000100110
111111111111111000
000000000010010001
111111111110011111
111111111110001001
111111111100000010
000000000101001101
111111111011111011
000000000011110110
111111110111011010
111111111001011111
111111111010011010
111111111111100100
111111111111001001
000000000001110010
000000000010100001
111111111110100110
000000000001000110
111111111110100111
000000000010101011
111111111011001010
111111111100011110
111111111101001100
000000000001110111
111111111110010101
111111111101100010
111111111010111010
111111111111011111
000000000000001101
000000000010110001
111111111111001011
111111111100010010
000000000011000011
111111111110111100
111111111101101110
111111111110001001
111111111110101100
111111111111011100
000000000000000110
000000000010011010
111111111110100011
111111111101101111
000000000010101011
111111111111000110
111111111101101110
111111111111111001
000000000000011011
111111111110110000
111111111101011101
000000000000010011
111111111111001010
000000000001100101
000000000010100001
111111110010010000
111111111101111011
111111111111011010
111111111001000001
000000000001100110
000000000100111011
000000000011000001
000000000001000001
111111111111000011
000000000010001101
000000000011101111
000000000001100010
000000000100100101
000000000010000101
000000000000110001
000000000000110111
000000000010011100
000000000000001001
111111111000111101
000000000001010001
111111111101101110
111111111111101110
111111111111110110
000000000001001001
111111111010001100
000000000000010000
111111111111011011
111111111111110010
111111111111100011
111111111110001000
111111111110100110
000000000010110110
111111111010010110
111111111010100011
000000000001101000
111111111100011001
111111111111110011
000000000001011110
000000000000100010
000000000010000101
111111111001001100
000000000000011101
111111111100100111
000000000000011100
111111111111100001
000000000001010011
111111111111101111
111111111111100001
000000000001011011
000000000001101101
000000000001000011
111111111111001000
000000000001001001
111111111110010110
000000000000011010
111111111011000100
000000000010111100
111111111101110111
111111111101111000
111111111100011010
111111111111101001
111111111101111010
000000000010111101
111111111010111011
111111111100000010
111111111100100000
000000000010100001
111111111001011111
111111111001110101
111111110111101001
000000000000011110
111111111110000101
000000000000100001
111111111100101101
111111111111001110
111111111111000000
111111111001110010
000000000010001001
111111111111111001
000000000011111010
111111111111001110
111111111110010110
000000000010011101
000000000000011010
111111111111001010
111111111110111001
000000000000111001
111111111011000111
111111111100111010
111111111111100101
111111111110111001
111111111111111011
111111111101110001
111111111100100011
000000000001001101
111111111011101111
111111111110111001
111111111110001100
000000000011100110
111111111011100011
000000000001100001
111111111101111001
111111111111000111
000000000001100111
000000000000000010
000000000100000010
000000000001100111
000000000001000101
111111111110010001
111111111110110100
111111111110101000
111111111101010100
000000000100001110
111111111011110000
111111111110011101
000000010000110000
000000000100111010
000000001110000100
000000010011001100
000000001000100001
000000001111010010
000000000111011111
000000000010000110
000000000101000111
111111111111101001
000000000001010001
111111111101110010
111111111111010000
000000000001010011
111111111111000001
000000000010010110
111111111111110010
000000000000011001
000000000000111101
111111111101110110
000000000010101010
111111111101000100
111111111111100001
000000000010001101
000000000000010000
111111111110011010
000000000010110000
000000000010111100
111111111110111111
000000000001001001
111111111110000111
111111111110101100
111111111110111101
000000000001101110
000000000000100101
111111111111110011
111111111111111101
111111111101010000
111111111111110110
000000000001010000
000000000010100001
000000000000011000
000000000001010101
000000000000001001
111111111111100100
000000000000001000
111111111111110001
000000000000101010
000000000001001111
111111111110010111
111111111101100110
111111111110100101
000000000000011011
111111111100100000
111111111110111111
000000000001010010
111111111010110010
111111111111101110
111111111111001011
111111111110111101
111111111100100101
000000000010001000
111111111010111100
000000000000011000
111111111111000000
111111111111101110
000000000010111001
111111111111111100
111111111110100101
000000000000010100
000000000000011011
111111111111010011
000000000000010001
111111111111111111
111111111101100100
111111111110001010
000000000000001011
111111111111011101
111111111110110001
000000000000100000
111111111110101110
000000001111010111
000000001000001100
000000001010111110
000000001100101011
000000000110110001
000000001100000111
000000000011011011
000000000010011111
000000000011010001
000000000100100110
111111111111000000
111111111110010011
111111111110111111
111111111111101010
111111111110110011
111111111101011000
000000000000111011
000000000001111000
000000000011000010
111111111001111001
000000000001101110
111111111100010011
111111111100010001
111111111111111111
111111111110100101
111111111111000001
111111111111110001
111111111111110011
000000000010111111
111111111111110101
111111111111010011
000000000000001101
111111111110001100
111111111010100000
111111111101010111
000000000010100100
000000000000101000
000000000000000101
000000000001101011
111111111101000110
000000000000011110
111111111011101101
111111111001110010
111111111110111010
111111111001110011
000000000011011100
111111111111000111
000000000000011101
000000000001110000
111111111111010000
000000000000000001
000000000001100001
111111111111110100
000000000010001011
111111111111100111
111111111101110110
000000000001000001
000000000001011100
000000000000001100
111111111111110101
111111111101010011
000000000000010111
111111111111011000
000000000000101000
000000000000010111
000000000000111011
000000000000000110
000000000000101101
111111111110111011
000000000001000010
000000000001010100
000000000000011000
111111111110111010
111111111111001010
000000000000001110
000000000000000010
000000000000000011
111111111111111010
111111111111111010
111111111111111111
000000000000000001
000000000000000100
111111111111110101
111111111111111101
111111111111111101
000000000000001011
000000000000000101
111111111111111101
111111111111111100
000000000000000010
000000000000000001
000000000000000110
111111111111111111
000000000000000011
111111111111111011
000000000000010000
000000000000001010
000000000000000101
111111111111111110
000000000000001100
111111111111110110
000000000000001100
111111111111110000
000000000101010110
000000000101000101
000000000010100111
111111111111000101
000000000101000101
000000000101000100
000000000010000010
000000000000100100
000000000000000000
111111111111111101
000000000000000000
000000000000001011
000000000000000010
111111111111111011
111111111111111101
111111111111111111
000000000000000011
111111111111111010
000000000000000000
000000000000000111
000000000001110010
111111111111001111
000000000000010110
000000000001111001
111111111110100111
111111111111000101
111111111111100000
000000000011111110
111111111111000010
111111111111100100
111111111111110110
111111111111111111
111111111111001010
000000000010110100
111111111111010000
111111111111100001
111111111111010010
000000000001011110
000000000001011110
000000000000010010
000000000000000111
000000000011000110
000000000100011000
000000000011011011
000000000000000010
111111111111111001
000000000000000101
111111111111111100
000000000000001011
000000000000000011
111111111111110111
111111111111111110
111111111111111001
000000000000000101
111111111111111111
000000000000000100
111111111111011100
000000000000100101
000000000000101000
000000000011000100
111111111111111011
111111111111001111
111111111111100100
111111111111100101
111111111111001011
000000000000111100
111111111111011111
000000000000010001
111111111111111001
000000000000000100
111111111111111110
111111111111111110
000000000000000000
000000000000001011
000000000000000100
000000000000001001
111111111111110100
111111111111111011
111111111111110111
111111111111110100
111111111111111010
111111111111111101
000000000000000000
000000000000001001
111111111111111011
111111111111111100
111111111111111111
000000000000000010
111111111111111011
000000000000000001
111111111111111111
111111111111111100
111111111111110001
111111111111111110
000000000000000110
000000000000000000
111111111111111100
111111111111111101
000000000000000000
111111111111111011
000000000000000101
000000000000000100
111111111111111110
111111111111110100
111111111111111001
111111111111111110
000000000000000100
000000000000000010
000000000000001111
000000000000000010
111111111111111100
000000000000001000
111111111111110001
000000000000000110
000000000000000101
111111111111110011
111111111111111000
000000000000000001
000000000000000000
000000000000000110
111111111111111110
111111111111111010
000000000000000000
000000000000000000
111111111111111101
000000000000000011
111111111111111000
000000000000000110
111111111111111001
000000000000000010
000000000000000000
000000000000001010
111111111111111100
000000000000000011
000000000000000001
000000000000001000
111111111111110111
111111111111111011
111111111111110110
111111111111111011
111111111111110101
000000000000000001
000000000000000110
000000000000001100
111111111111111001
111111111111111000
111111111111110011
000000000000000011
111111111111110100
000000000000001001
000000000000000000
000000000000000110
000000000000000000
000000000000000000
000000000000000000
000000000000000000
000000000000000000
000000000000000000
000000000000000000
000000000000000000
000000000000000000
000000000000000000
000000000000000000
000000000000000000
000000000000000000
000000000000000000
000000000000000000
000000000000000000
000000000000000000
000000000000000000
000000000000000000
000000000000000000
000000000000000000
000000000000000000
000000000000000000
000000000000000000
000000000000000000
000000000000000000
000000000000000000
000000000000000000
000000000000000000
000000000000000000
000000000000000000
000000000000000000
000000000000000000
000000000000000000
000000000000000000
000000000000000000
000000000000000000
000000000000000000
000000000000000000
000000000000000000
000000000000000000
000000000000000000
000000000000000000
000000000000000000
000000000000000000
000000000000000000
000000000000000000
000000000000000000
000000000000000000
000000000000000000
000000000000000000
000000000000000000
000000000000000000
000000000000000000
000000000000000000
000000000000000000
000000000000000000
000000000000000000
000000000000000000
000000000000000000
000000000000000000
000000000000000000
000000000000000000
000000000000000000
000000000000000000
000000000000000000
000000000000000000
000000000000000000
000000000000000000
000000000000000000
000000000000000000
000000000000000000
000000000000000000
000000000000000000
000000000000000000
000000000000000000
000000000000000000
000000000000000000
000000000000000000
000000000000000000
000000000000000000
000000000000000000
000000000000000000
000000000000000000
000000000000000000
000000000000000000
000000000000000000
000000000000000000
000000000000000000
000000000000000000
000000000000000000
000000000000000000
000000000000000000
000000000000000000
000000000000000000
000000000000000000
