000000001011010111
000000000011100110
000000000010010111
111111111101110001
000000001010000010
000000000010011110
000000000000011010
000000000001011110
000000000101101010
111111110111000110
000000001001110101
000000000011101000
000000000100011001
000000001010111001
111111111101101011
111111111011100100
000000001100111110
111111111111110110
000000000001111001
111111111011111111
000000000010010011
111111111111010111
111111111101001110
111111111100101111
111111111110111110
111111111100000110
111111111101101010
111111111000111011
000000001001100110
111111110110100011
000000000111010010
111111101010011010
111111110011010010
000000000110101010
000000000000011101
111111111010111110
000000000000000000
000000000000000000
000000000000000000
000000000000000000
000000000000000000
000000000000000000
000000000000000000
000000000000000000
000000000000000000
000000000000000000
000000000000000000
000000000000000000
000000000000000000
000000000000000000
000000000000000000
000000000000000000
000000000000000000
000000000000000000
000000000000000000
000000000000000000
000000000000000000
000000000000000000
000000000000000000
000000000000000000
000000000000000000
000000000000000000
000000000000000000
000000000000000000
000000000000000000
000000000000000000
000000000000000000
000000000000000000
000000000000000000
000000000000000000
000000000000000000
000000000000000000
000000000000000000
000000000000000000
000000000000000000
000000000000000000
000000000000000000
000000000000000000
000000000000000000
000000000000000000
000000000000000000
000000000000000000
000000000000000000
000000000000000000
000000000000000000
000000000000000000
000000000000000000
000000000000000000
000000000000000000
000000000000000000
000000000000000000
000000000000000000
000000000000000000
000000000000000000
000000000000000000
000000000000000000
000000000000000000
000000000000000000
000000000000000000
000000000000000000
000000000000000000
000000000000000000
000000000000000000
000000000000000000
000000000000000000
000000000000000000
000000000000000000
000000000000000000
000000000000000000
000000000000000000
000000000000000000
000000000000000000
000000000000000000
000000000000000000
000000000000000000
000000000000000000
000000000000000000
000000000000000000
000000000000000000
000000000000000000
000000000000000000
000000000000000000
000000000000000000
000000000000000000
000000000000000000
000000000000000000
000000000000000000
000000000000000000
000000000000000000
000000000000000000
000000000000000000
000000000000000000
000000000000000000
000000000000000000
000000000000000000
000000000000000000
000000000000000000
000000000000000000
000000000000000000
000000000000000000
000000000000000000
000000000000000000
000000000000000000
000000000000000000
000000000000000000
000000000000000000
000000000000000000
000000000000000000
000000000000000000
000000000000000000
000000000000000000
000000000000000000
000000000000000000
000000000000000000
000000000000000000
000000000000000000
000000000000000000
000000000000000000
000000000000000000
000000000000000000
000000000000000000
000000000000000000
000000000000000000
000000000000000000
000000000000000000
000000000000000000
000000000000000000
000000000000000000
000000000000000000
000000000000000000
000000000000000000
000000000000000000
000000000000000000
000000000000000000
000000000000000000
000000000000000000
000000000000000000
000000000000000000
000000000000000000
000000000000000000
000000000000000000
000000000000000000
000000000000000000
000000000000000000
000000000000000000
000000000000000000
000000000000000000
000000000000000000
000000000000000000
000000000000000000
000000000000000000
000000000000000000
000000000000000000
000000000000000000
000000000000000000
000000000000000000
000000000000000000
000000000000000000
000000000000000000
000000000000000000
000000000000000000
000000000000000000
000000000000000000
000000000000000000
000000000000000000
000000000000000000
000000000000000000
000000000000000000
000000000000000000
000000000000000000
000000000000000000
000000000000000000
000000000000000000
000000000000000000
000000000000000000
000000000000000000
000000000000000000
000000000000000000
000000000000000000
000000000000000000
000000000000000000
000000000000000000
000000000000000000
000000000000000000
000000000000000000
000000000000000000
000000000000000000
000000000000000000
000000000000000000
000000000000000000
000000000000000000
000000000000000000
000000000000000000
000000000000000000
000000000000000000
000000000000000000
000000000000000000
000000000000000000
000000000000000000
000000000000000000
000000000000000000
000000000000000000
000000000000000000
000000000000000000
000000000000000000
000000000000000000
000000000000000000
000000000000000000
000000000000000000
000000000000000000
000000000000000000
000000000000000000
000000000000000000
000000000000000000
000000000000000000
000000000000000000
000000000000000000
000000000000000000
000000000000000000
000000000000000000
000000000000000000
000000000000000000
000000000000000000
000000000000000000
000000000000000000
000000000000000000
000000000000000000
000000000000000000
000000000000000000
000000000000000000
000000000000000000
000000000000000000
000000000000000000
000000000000000000
000000000000000000
000000000000000000
000000000000000000
000000000000000000
000000000000000000
000000000000000000
000000000000000000
000000000000000000
000000000000000000
000000000000000000
000000000000000000
000000000000000000
000000000000000000
000000000000000000
000000001000000011
000000000010001100
000000000000001110
111111111101000110
111111110101011101
111111111001100010
111111110111011001
111111101110000110
111111111100000110
111111110111000011
111111111011100001
000000000010111010
111111111101111011
000000001000111111
111111111101010000
111111111110111000
000000000010011111
000000000001011100
111111111011110111
111111111111111000
000000000000010000
111111111011010111
111111110111111001
111111110101011011
000000000010010001
111111110111101100
111111110110100100
111111110101111101
111111111001001101
111111111011101100
000000000001011011
111111111110111011
111111111101101000
000000000101111111
111111111111111000
111111111100110001
000000000010000110
000000000001011111
111111111110000101
000000000001111001
000000000011100011
000000000100011000
000000000110000001
000000000100101000
111111111011010110
000000000001110101
111111110111100011
111111111110001111
000000000011010101
000000000000010000
111111111100011000
000000000011011000
000000000000000101
111111111110101110
111111111011001000
000000000010010100
000000000000001111
000000000010000110
000000000101101100
000000000000010001
000000000101000000
000000000000010110
000000000001100110
111111111111001001
000000000101110110
000000000010001111
111111111011010110
111111111101000001
111111111101111000
000000000100011110
000000000000101100
111111111001111110
000000000001011011
111111111111000100
111111111101101001
000000000101001000
000000000011000100
000000000010001100
000000000110011101
000000000010010110
000000001001110000
111111111100010100
111111111110001010
111111110100000100
000000000101010110
000000000011100100
000000000000011100
111111111111001011
000000000000011100
000000000001110111
111111111111001001
000000000011100110
111111111110111001
111111111111001011
111111111111000100
000000001001001110
111111111010110001
111111111100110011
000000000110000100
111111111110111000
111111111101111001
111111111110011111
000000001000000011
000000000110101010
111111111110111011
000000000101011111
000000000010001111
111111111110000010
111111111100100100
111111111111010100
000000000000001001
000000000001101110
000000000000001010
000000000100011011
000000000010000101
111111110111101010
111111111101110100
000000000000011100
000000000011001110
111111111110100110
111111111101000000
000000000111010111
000000000001000001
111111111011010010
000000000001111010
000000001000001110
111111110110111001
000000000000111000
111111111101110110
111111111011110000
111111111010011000
000000000100101101
111111111011011001
111111111101100101
000000000100011001
111111111001011001
111111111111001010
111111111110001101
111111110110010000
111111111111010001
000000000001001100
111111111101010111
111111111111000101
000000001000100000
000000000011010110
000000000111111001
111111111100001001
111111111010010111
000000000001011100
000000000110100110
111111111111010011
000000000001101110
111111111111100111
111111111101001001
111111111111101000
000000000000110000
000000000011010100
111111111100101101
111111111011110110
000000000000101010
111111111111011001
111111111101101100
111111111111001111
111111111001111001
000000000010110000
000000000011100011
111111111100100011
111111110001100010
111111111100101101
000000000010100110
000000000010011011
111111111101111000
000000000001001001
000000000110010100
000000000100010000
000000000110010100
000000000110000011
000000000110010100
000000000101111001
000000000011010000
111111111011100001
000000000001001011
111111111110111111
000000001000001101
000000001010101101
000000000110011101
000000000100110100
000000000000011100
000000000001010111
111111110010100000
000000000000111111
000000000111110111
000000000000000010
000000000100000001
111111111100101011
000000000111101011
111111111111000110
111111110110101111
000000000101110110
000000000000000111
000000000001010100
111111111010110111
111111111010101110
000000000010000101
111111111111100111
000000000011100110
111111111101000101
000000000000111011
111111110011000011
000000000000001000
000000000011100011
111111111001101101
111111111001100010
111111111100100011
000000000000011011
000000000010011111
000000000111110001
000000000000011100
111111111110010010
000000000011010111
111111110111001111
111111111011110001
000000000100011100
111111111010110111
111111111111111101
000000000100011111
000000000001100101
000000000001011010
000000000000110000
000000000011110111
111111111001111100
000000001000001100
111111111110101111
111111111101100100
111111110011001111
111111111101101010
111111111101111010
000000000001110100
111111111111101000
000000000110101011
000000000110000101
111111111110001010
000000000101110100
000000000001011001
111111111010100001
111111111010011011
000000000100011110
000000000000001010
111111111010111101
000000000010010001
111111111111011000
000000000111011111
111111111110011110
111111110111010000
000000000000001110
000000000000010110
000000000000110101
111111111110111101
111111111000101100
111111111001111111
000000000010011100
111111111011101000
000000000000000110
000000000001101111
111111110110011011
000000000010011100
000000000010001010
000000000011011100
000000000100011001
111111111001010000
111111110111010111
111111111011110111
111111111010010001
000000000110000010
000000000001100000
000000000000000111
000000000111111111
111111111010101011
111111111110100100
000000000100001100
111111111101111000
111111111100110001
000000000100100100
111111111110110110
000000000011111110
000000000001010010
000000000001100010
111111111101010011
000000000100110011
111111111101110101
000000000001111100
111111111101100001
111111111101011110
111111111011000111
111111110111000100
000000000001001110
111111111111100010
111111111110000111
000000000010011000
000000000011011010
000000000000100011
000000000101010010
000000000001101101
111111111110111001
111111111100000101
111111111101001110
000000000110010101
111111111111001010
000000000010100101
111111111000111010
111111111110000111
000000000001101001
111111111011010111
111111111110100011
111111111101100010
111111111101010100
000000000001000101
111111111110011000
000000000010110110
000000000001010010
000000000010110101
000000000001100100
111111111100010101
000000000100111110
000000000010100100
111111111110101111
111111111110111010
111111111111100100
000000000001011011
000000000010101111
111111111011111101
111111111011101100
111111111110011011
111111111011100110
111111111010110101
000000000010100100
000000000001010100
000000000001011001
000000000000011010
111111111111110110
111111111010100011
000000000011011011
111111111100110100
111111111100111010
111111111110010001
000000000001110000
000000000010110000
111111111011011100
000000000100111101
000000000010101110
000000000011101101
000000000001010011
000000000001111100
000000000010100100
111111111101010011
000000000001101111
000000000010111110
111111111111110001
111111111111001001
000000000010011101
111111111010110111
111111111101100000
111111111111111001
111111111110000010
111111111101011010
000000000010101110
000000000001101110
111111111100111110
111111111100010001
111111111011101101
000000000010110010
000000000010111100
111111111011111111
000000000001000111
111111111110000110
111111111111000011
111111111110111011
111111111100110010
111111111111111110
111111111110101111
000000000001111000
111111111110111100
111111111110100111
000000000000111110
000000000001001010
111111111110001000
000000000001010011
111111111100101111
000000000011000001
111111111010001100
111111111101110011
111111111110011000
111111111101110110
000000000001000010
111111111011011001
111111111101011011
111111111110001000
000000000101011111
000000000101010001
000000000110000011
000000001000011010
000000000110001100
111111111101010111
000000000011100111
000000000000000100
111111111010000110
000000000011100101
111111111101001011
000000000100011000
111111111110011100
000000000011111100
111111111110111011
000000000011100111
000000000010001101
000000000010101011
000000000010111000
000000000011001100
000000000101101000
000000000011011101
000000000010110011
000000000001011011
000000000011111000
000000000100010000
111111111100011011
111111111111100100
111111111011101010
111111111110110101
000000000001110011
000000000001110001
000000000101001011
111111111111101001
000000000011010000
111111111101011101
111111111111111101
000000000001000110
000000000010000000
111111111101100100
000000000001001111
111111111101111111
111111111001010000
000000000000110100
000000000000010011
000000000000110111
111111111111011010
000000000010010111
111111111111000101
111111111011101100
000000000000100010
000000000010101001
111111111111011001
000000000011001011
111111111010011010
111111111100000110
000000000011010100
111111111101011000
000000000000001010
000000000100001101
111111111010101110
000000000000101010
111111111101001110
111111111111111100
111111111101001101
111111111101110001
000000000010100010
000000000011000101
111111111111100010
111111111001001010
000000000011101001
111111111111010010
111111111110001111
111111111111100110
111111111101111001
000000000010111001
000000000010010000
111111111000010000
000000000011000100
000000000010100001
000000000001010110
000000000010111111
111111111111000010
000000000001101011
000000000011011101
111111111110000101
111111111101100001
000000000100101010
111111111101110011
000000000101100101
000000000101101010
000000000111000100
000000001010100110
000000000101111010
000000000010100011
000000000110000101
000000000100011000
000000000000011110
111111111010010011
111111111110010010
000000000000110011
111111111110011000
111111111110010010
000000000011010100
000000000100100100
000000000010100001
000000000000000110
111111111111111101
111111110110110111
111111111110011100
000000000110011001
111111111010101000
111111111001100100
111111110110110110
000000000100100111
111111111101111100
000000000001010011
111111111101110100
111111111101010100
111111111100001011
111111111110011001
111111111110010010
000000000000011011
111111111100110111
000000000010010000
000000000000000111
000000000110101100
111111111111000111
000000000011010000
000000000001111011
111111111100111001
111111111101101000
111111111010001111
000000000100001100
000000000100110001
000000000110101010
000000000101111001
000000000010101111
000000000010100111
111111110111011000
000000000001101001
111111111001010011
111111110111011100
111111111010101010
000000000001010000
111111110110010111
111111111011010100
000000000000000000
000000000001100001
000000000111001111
000000000011010111
111111111111000100
111111111011001100
111111111111100010
111111111011111101
111111111100110010
000000000000101000
111111111110001010
111111111110111010
000000000011000100
000000000000011110
111111111101010010
111111110111001001
111111111100000011
111111111011010101
111111111101111110
111111111111111010
000000000100011101
000000000011001110
111111111010110111
111111111110110010
111111111111101100
000000000100000001
111111111101100010
000000000000100111
000000000001110110
000000000001011010
000000000000110100
111111111111011001
000000000000000101
111111111111111100
111111111111111111
000000000000010110
000000000000000110
000000000000000001
111111111111110111
111111111111110110
000000000000000010
111111111111100011
000000000000001000
000000000000010011
000000000000011010
000000000000010000
000000000000010111
111111111111110111
111111111111111001
000000000000000011
111111111111110101
111111111111111011
111111111111111010
111111111111111101
111111111111111010
111111111111111010
000000000000000011
000000000000000101
111111111111111101
111111111111111100
000000000000000011
111111111111110110
111111111111111001
111111111111111011
111111111111111000
111111111111111101
111111111111111110
000000000000001011
111111111111111011
111111111111111100
000000000000000110
000000000000000011
000000000000001101
000000000000000010
111111111111111111
111111111111111100
000000000000001011
111111111111101110
000000000000011101
000000000000011100
111111111111111010
111111111111101100
111111111111110110
000000000000001010
111111111111111011
000000000000001111
111111111111110011
111111111111111100
000000000000000111
111111111111111111
000000000000001011
000000000000000000
111111111111101101
111111111111111011
111111111111111110
111111111111110101
000000000000001011
000000000000001101
111111111111111011
111111111111111010
111111111111111000
000000000000000100
000000000000000010
111111111111110111
111111111111111100
111111111111110100
111111111111111001
111111111111101101
111111111111111110
000000000000001110
000000000000000100
000000000000001110
000000000000000100
000000000000010001
000000000000000010
000000000000000111
111111111111110111
000000000000000001
000000000000000001
111111111111110110
111111111111110101
000000000000000110
000000000000000101
000000000000000100
111111111111110010
111111111111111001
000000000000000001
111111111111110000
000000000000000101
111111111111110111
000000000000001001
111111111111111000
000000000000001110
000000000000001100
000000000000001101
000000000000001010
000000000000000001
111111111111111110
000000000000000100
111111111111111101
000000000000001011
111111111111110011
000000000000100110
000000000000000110
111111111111111010
000000000000001100
111111111111111000
000000000000001101
000000000000001111
000000000000000110
000000000000000001
111111111111110100
000000000000000011
111111111111111001
111111111111110110
000000000000000010
111111111111111101
000000000000011000
000000000000000001
111111111111111111
111111111111111110
000000000000010001
111111111111110101
000000000000000101
000000000000001000
111111111111111100
111111111111111110
000000000000000110
111111111111111100
111111111111110110
000000000000000111
111111111111111000
000000000000000001
000000000000000100
111111111111110011
000000000000000111
000000000000100110
000000000000010000
000000000000000000
000000000000001001
111111111111111110
000000000000000011
000000000000110101
111111111111111101
000000000000101001
000000000000111010
111111111111101110
111111111111101110
111111111111110001
111111111111101100
000000000000001100
000000000000000110
000000000000000100
111111111111110001
000000000000000001
000000000000000001
000000000000001011
000000000000001110
000000000000000110
111111111111111001
000000000000011011
000000000000000110
111111111111111000
111111111111111000
000000000000000000
000000000000011000
000000000000001010
111111111111111100
111111111111111100
111111111111100010
111111111111111000
000000000000000100
000000000000001101
000000000000001100
000000000000000001
111111111111111001
111111111111111000
000000000000000010
000000000000000110
111111111111110101
000000000000001000
111111111111111110
000000000000000010
000000000000010001
111111111111101101
000000000000001000
000000000000010010
111111111111111000
111111111111110011
000000000000001011
000000000000010011
000000000000000000
000000000000001000
000000000000001110
111111111111110110
111111111111111010
000000000000000011
111111111111111100
111111111111101011
111111111111111010
000000000000000010
000000000000001110
111111111111111111
000000000000000100
111111111111111100
000000000000010000
000000000000001100
000000000000010100
111111111111111101
111111111111110010
111111111111111000
111111111111111011
000000000000000010
111111111111111111
111111111111101111
000000000000000001
000000000000001110
000000000000001010
111111111111111000
000000000000110101
111111111111111111
000000000000000001
000000000000010101
000000000000000001
000000000000010010
000000000000001100
111111111111111101
111111111111111101
000000000000001011
111111111111110010
000000000000001100
000000000000001100
000000000000010001
000000000000010011
000000000000001100
111111111111111011
111111111111111100
111111111111110100
111111111111101110
111111111111111100
111111111111111111
000000000000001000
000000000000000110
111111111111110111
000000000000001010
111111111111110111
000000000000001001
111111111111111011
000000000000000011
000000000000000011
000000000000000000
000000000000001011
000000000000001010
111111111111110101
111111111111111100
111111111111101111
000000000000000100
000000000000000100
000000000000000011
000000000000010000
000000000000000111
111111111111101001
000000000000101110
111111111111100111
111111111111011011
000000000000001001
111111111111111010
111111111111111111
000000000000000100
000000000000000101
111111111111110111
000000000000001100
111111111111111011
000000000000010011
111111111111111101
111111111111110100
000000000000000000
000000000000010011
000000000000001000
111111111111110000
000000000000000000
000000000000000000
000000000000000000
000000000000000000
000000000000000000
000000000000000000
000000000000000000
000000000000000000
000000000000000000
000000000000000000
000000000000000000
000000000000000000
000000000000000000
000000000000000000
000000000000000000
000000000000000000
000000000000000000
000000000000000000
000000000000000000
000000000000000000
000000000000000000
000000000000000000
000000000000000000
000000000000000000
000000000000000000
000000000000000000
000000000000000000
000000000000000000
000000000000000000
000000000000000000
000000000000000000
000000000000000000
000000000000000000
000000000000000000
000000000000000000
000000000000000000
000000000000000000
000000000000000000
000000000000000000
000000000000000000
000000000000000000
000000000000000000
000000000000000000
000000000000000000
000000000000000000
000000000000000000
000000000000000000
000000000000000000
000000000000000000
000000000000000000
000000000000000000
000000000000000000
000000000000000000
000000000000000000
000000000000000000
000000000000000000
000000000000000000
000000000000000000
000000000000000000
000000000000000000
000000000000000000
000000000000000000
000000000000000000
000000000000000000
000000000000000000
000000000000000000
000000000000000000
000000000000000000
000000000000000000
000000000000000000
000000000000000000
000000000000000000
000000000000000000
000000000000000000
000000000000000000
000000000000000000
000000000000000000
000000000000000000
000000000000000000
000000000000000000
000000000000000000
000000000000000000
000000000000000000
000000000000000000
000000000000000000
000000000000000000
000000000000000000
000000000000000000
000000000000000000
000000000000000000
000000000000000000
000000000000000000
000000000000000000
000000000000000000
000000000000000000
000000000000000000
000000000000000000
000000000000000000
000000000000000000
000000000000000000
000000000000000000
000000000000000000
000000000000000000
000000000000000000
000000000000000000
000000000000000000
000000000000000000
000000000000000000
000000000000000000
000000000000000000
000000000000000000
000000000000000000
000000000000000000
000000000000000000
000000000000000000
000000000000000000
000000000000000000
000000000000000000
000000000000000000
000000000000000000
000000000000000000
000000000000000000
000000000000000000
000000000000000000
000000000000000000
000000000000000000
000000000000000000
000000000000000000
000000000000000000
000000000000000000
000000000000000000
000000000000000000
000000000000000000
000000000000000000
000000000000000000
000000000000000000
000000000000000000
000000000000000000
000000000000000000
000000000000000000
000000000000000000
000000000000000000
000000000000000000
000000000000000000
000000000000000000
000000000000000000
000000000000000000
000000000000000000
000000000000000000
000000000000000000
000000000000000000
000000000000000000
000000000000000000
000000000000000000
000000000000000000
000000000000000000
000000000000000000
000000000000000000
000000000000000000
000000000000000000
000000000000000000
000000000000000000
000000000000000000
000000000000000000
000000000000000000
000000000000000000
000000000000000000
000000000000000000
000000000000000000
000000000000000000
000000000000000000
000000000000000000
000000000000000000
000000000000000000
000000000000000000
000000000000000000
000000000000000000
000000000000000000
000000000000000000
000000000000000000
000000000000000000
000000000000000000
000000000000000000
000000000000000000
000000000000000000
000000000000000000
000000000000000000
000000000000000000
000000000000000000
000000000000000000
000000000000000000
000000000000000000
000000000000000000
000000000000000000
000000000000000000
000000000000000000
000000000000000000
000000000000000000
000000000000000000
000000000000000000
000000000000000000
000000000000000000
000000000000000000
000000000000000000
000000000000000000
000000000000000000
000000000000000000
000000000000000000
000000000000000000
000000000000000000
000000000000000000
000000000000000000
000000000000000000
000000000000000000
000000000000000000
000000000000000000
000000000000000000
000000000000000000
000000000000000000
000000000000000000
000000000000000000
000000000000000000
000000000000000000
000000000000000000
000000000000000000
000000000000000000
000000000000000000
000000000000000000
000000000000000000
000000000000000000
000000000000000000
000000000000000000
000000000000000000
000000000000000000
000000000000000000
000000000000000000
000000000000000000
000000000000000000
000000000000000000
000000000000000000
000000000000000000
000000000000000000
000000000000000000
000000000000000000
000000000000000000
000000000000000000
000000000000000000
000000000000000000
000000000000000000
000000000000000000
000000000000000000
000000000000000000
000000000000000000
000000000000000000
000000000000000000
000000000000000000
000000000000000000
000000000000000000
000000000000000000
000000000000000000
000000000000000000
000000000000000000
000000000000000000
000000000000000000
000000000000000000
000000000000000000
000000000000000000
000000000000000000
000000000000000000
000000000000000000
000000000000000000
000000000000000000
000000000000000000
000000000000000000
000000000000000000
000000000000000000
000000000000000000
000000000000000000
000000000000000000
000000000000000000
000000000000000000
000000000000000000
000000000000000000
000000000000000000
000000000000000000
000000000000000000
000000000000000000
000000000000000000
