111111111111011110
111111111111110111
111111111001001110
000000000010011011
111111111010111111
111111111010011110
111111110001000100
111111111111010001
000000000100010001
000000000010000000
000000000010011110
111111010111001101
000000000010000100
000000000010110110
111111111110011110
000000001000110000
000000000011010110
111111010101100000
111111111110011111
111111111000001000
111111110111100000
000000000100000110
000000000010011000
000000000101110100
111111111111101011
111111111101010111
000000000001000000
000000000111111001
111111101011000110
111111111110001001
111111111111111111
000000001011011101
111111111111101111
000000001110110001
111111101101111101
000000000011011010
000000000000000000
000000000000000000
000000000000000000
000000000000000000
000000000000000000
000000000000000000
000000000000000000
000000000000000000
000000000000000000
000000000000000000
000000000000000000
000000000000000000
000000000000000000
000000000000000000
000000000000000000
000000000000000000
000000000000000000
000000000000000000
000000000000000000
000000000000000000
000000000000000000
000000000000000000
000000000000000000
000000000000000000
000000000000000000
000000000000000000
000000000000000000
000000000000000000
000000000000000000
000000000000000000
000000000000000000
000000000000000000
000000000000000000
000000000000000000
000000000000000000
000000000000000000
000000000000000000
000000000000000000
000000000000000000
000000000000000000
000000000000000000
000000000000000000
000000000000000000
000000000000000000
000000000000000000
000000000000000000
000000000000000000
000000000000000000
000000000000000000
000000000000000000
000000000000000000
000000000000000000
000000000000000000
000000000000000000
000000000000000000
000000000000000000
000000000000000000
000000000000000000
000000000000000000
000000000000000000
000000000000000000
000000000000000000
000000000000000000
000000000000000000
000000000000000000
000000000000000000
000000000000000000
000000000000000000
000000000000000000
000000000000000000
000000000000000000
000000000000000000
000000000000000000
000000000000000000
000000000000000000
000000000000000000
000000000000000000
000000000000000000
000000000000000000
000000000000000000
000000000000000000
000000000000000000
000000000000000000
000000000000000000
000000000000000000
000000000000000000
000000000000000000
000000000000000000
000000000000000000
000000000000000000
000000000000000000
000000000000000000
000000000000000000
000000000000000000
000000000000000000
000000000000000000
000000000000000000
000000000000000000
000000000000000000
000000000000000000
000000000000000000
000000000000000000
000000000000000000
000000000000000000
000000000000000000
000000000000000000
000000000000000000
000000000000000000
000000000000000000
000000000000000000
000000000000000000
000000000000000000
000000000000000000
000000000000000000
000000000000000000
000000000000000000
000000000000000000
000000000000000000
000000000000000000
000000000000000000
000000000000000000
000000000000000000
000000000000000000
000000000000000000
000000000000000000
000000000000000000
000000000000000000
000000000000000000
000000000000000000
000000000000000000
000000000000000000
000000000000000000
000000000000000000
000000000000000000
000000000000000000
000000000000000000
000000000000000000
000000000000000000
000000000000000000
000000000000000000
000000000000000000
000000000000000000
000000000000000000
000000000000000000
000000000000000000
000000000000000000
000000000000000000
000000000000000000
000000000000000000
000000000000000000
000000000000000000
000000000000000000
000000000000000000
000000000000000000
000000000000000000
000000000000000000
000000000000000000
000000000000000000
000000000000000000
000000000000000000
000000000000000000
000000000000000000
000000000000000000
000000000000000000
000000000000000000
000000000000000000
000000000000000000
000000000000000000
000000000000000000
000000000000000000
000000000000000000
000000000000000000
000000000000000000
000000000000000000
000000000000000000
000000000000000000
000000000000000000
000000000000000000
000000000000000000
000000000000000000
000000000000000000
000000000000000000
000000000000000000
000000000000000000
000000000000000000
000000000000000000
000000000000000000
000000000000000000
000000000000000000
000000000000000000
000000000000000000
000000000000000000
000000000000000000
000000000000000000
000000000000000000
000000000000000000
000000000000000000
000000000000000000
000000000000000000
000000000000000000
000000000000000000
000000000000000000
000000000000000000
000000000000000000
000000000000000000
000000000000000000
000000000000000000
000000000000000000
000000000000000000
000000000000000000
000000000000000000
000000000000000000
000000000000000000
000000000000000000
000000000000000000
000000000000000000
000000000000000000
000000000000000000
000000000000000000
000000000000000000
000000000000000000
000000000000000000
000000000000000000
000000000000000000
000000000000000000
000000000000000000
000000000000000000
000000000000000000
000000000000000000
000000000000000000
000000000000000000
000000000000000000
000000000000000000
000000000000000000
000000000000000000
000000000000000000
000000000000000000
000000000000000000
000000000000000000
000000000000000000
000000000000000000
000000000000000000
000000000000000000
000000000000000000
000000000000000000
000000000000000000
000000000000000000
000000000000000000
000000000000000000
000000000000000000
000000000000000000
000000000000000000
111111111110111101
000000000000100000
000000000001000011
111111111011110011
111111111011000000
111111111101010011
111111110110011001
111111111110111100
000000000000100011
111111111001101010
000000000111111000
111111111001000011
000000000111111011
000000000100000000
000000000001110110
000000000010100000
111111110001100100
000000000101101001
111111111101100111
111111111010010010
000000000101110111
111111111011110101
111111111010001110
111111111011110000
111111111101111100
000000000000001000
000000000011000000
111111111010010100
000000000000111011
111111111111011100
000000001000111101
111111111110010010
000000000100011001
111111110010111111
111111111110011110
111111111111011011
000000000101001000
111111111010000110
000000000110011100
000000000100010001
000000000010011111
111111111101111011
000000001100000011
111111111111011011
000000000010111010
111111111110101001
111111111100001000
111111111101011000
000000000000100110
000000000001011100
000000000011010111
111111111011001110
111111110011011001
111111111111110001
000000000100110100
111111111110110001
000000000001111101
000000001001010011
111111111111010110
000000000010101001
000000000111100110
000000000100110100
000000000101111100
000000000010111010
111111111001010010
111111111111100011
000000000001111110
000000000101011011
000000000000011110
111111111011011100
111111111111111001
000000000101001000
000000001001110101
111111111000110010
111111111111011010
000000000010001110
000000000100100000
000000000110111000
000000000110010010
111111111101111101
000000000000001111
000000001001001111
111111111010010111
000000000101100110
111111111111101011
111111111001101110
000000000000100011
111111111111110110
111111111010010101
111111111100101011
000000001010011010
111111110111000101
000000000100010001
000000000011010000
000000000000010101
000000000001101111
000000000110010101
111111111101001001
000000000110001100
000000000111110100
111111110111110110
111111111110110110
111111111011011111
111111111111110011
000000001001011111
000000001000001100
111111110111010111
111111111010111000
111111111101011011
000000000001100010
000000000011110011
111111111100100000
000000000111101100
000000000100110000
000000000101111011
111111110111011001
111111111110100110
111111111001001100
111111111011001111
000000000001100110
000000000010000110
000000001000011010
000000000010111100
000000000100011001
111111111110111110
111111111101110110
000000001001000100
111111111110001000
111111111100011110
000000000001111011
000000000010000001
000000000010010011
000000000011111010
000000000001110111
000000000011010000
000000000101010110
111111111010111000
111111111110010001
111111111101010000
000000000011011000
111111111110001101
000000000010001010
000000000101001110
111111110111010110
111111111001110101
111111101110101010
111111110110111110
000000001001001010
111111111010000111
000000000010101010
000000000000100100
000000000011011100
000000000101100101
111111111111101110
000000000101010101
000000001001001111
000000000001101000
000000001000100111
000000000000010011
111111111101001011
111111110001011001
000000000010000100
111111111101111111
111111111110110110
111111111111100011
111111111101010011
000000000100011110
111111111110011100
000000000101000001
111111111001011100
000000000001011000
000000001110110010
000000001001010011
000000000100100001
000000001010100101
000000000101001001
000000000111000111
000000000111010000
000000000101010100
000000000111111000
111111111111101000
111111111111100000
000000000110000100
000000001000101011
000000000001000110
000000000011011000
000000000010101101
000000000000110010
000000000011000000
000000000010110111
000000000011000001
000000000101000110
000000000001100111
111111111101000001
111111111001000111
000000000001111010
111111111101101001
111111111110111111
111111110111000110
111111111011101000
000000000010100000
111111111101000001
000000000000001110
111111111111010100
111111110110010111
111111111100011011
000000000111010011
111111111000011000
000000000001010100
000000000001000010
111111111111100011
000000000010011100
111111111001111000
000000000011010001
111111111001010100
111111110101110010
000000001001000111
000000000000101010
000000000111001111
111111111001100010
111111111010110100
111111111110010111
111111111101111111
000000000110010101
111111111010110111
111111111000000001
000000000011010101
000000000100100011
111111111011010100
111111111011000010
111111111101101111
000000000000001000
000000000000000111
000000000001111010
111111111111110101
111111110111001100
000000000001111000
000000000001110000
000000000001111100
000000000100000001
000000000110001100
000000000001000001
000000000010100010
111111111010100010
000000000100011001
000000000001100010
111111111111000111
111111111111100110
000000000101000011
111111111110111000
000000000000000111
000000000000100010
111111111100010101
000000000001001101
000000000101000000
000000000001011111
000000000110001110
111111111111001011
111111111010000101
000000000000101011
111111111000001001
000000000101110111
000000000010100010
000000000011101001
000000000101101110
000000000001111111
000000000000110110
000000001000100101
111111111011011000
000000000010011111
111111111100001010
111111111011101010
000000000000101010
111111111111000100
111111111111101111
111111110100100011
111111111100000100
000000000100000111
111111111110000010
000000000101100010
000000000101001101
000000000001110011
000000000011101001
000000000101001100
111111111110110101
111111111001110011
000000000000100100
000000000101101000
111111111101001111
111111111101000100
111111111101011010
000000000001110101
000000000001101010
000000000011101010
000000000011001010
111111111100011001
111111111101100101
000000000000001111
000000000000101011
000000000100011010
111111111101001001
000000000001011000
111111111100100000
111111111101010001
000000000010000010
111111111101010101
111111111111101001
000000000011100110
000000001000001101
000000000010010010
111111111100110100
000000000011110001
000000000001001101
111111111010000101
111111111110010001
111111111110001110
000000000011011110
111111110110100010
000000000010101001
000000000010111001
000000000000111111
000000000011011000
000000000101110111
111111111110101010
000000000010000110
000000000111000100
111111111100101001
111111111110000100
000000000010110000
000000000011011000
000000000001110111
000000000001101000
111111111010010011
111111111011001111
000000000000011100
000000000010010001
111111111111010100
000000000011011001
000000000010001110
000000000001101110
111111111011001100
111111111010111100
111111111111110000
111111111011000001
111111111110011000
000000000101011001
000000000010000111
000000000011110010
111111111111010100
000000000010101001
111111111111001100
111111111011011101
111111111101110011
000000000001100101
111111111111110100
000000000000001100
000000000001010111
111111111100011100
000000000000010010
000000000001010111
000000000111000001
111111111100101001
000000000000110101
111111111110010100
111111111111110001
111111111110001110
000000000000011111
000000000101001011
111111111000100000
111111111111011000
000000000111110100
000000000010100011
000000000001001001
111111111110110101
111111111100111111
111111111100100110
000000000010011111
111111111010101001
000000000100010111
111111111110100100
000000000011011011
111111111111000001
111111111100001000
111111111110101001
111111111011111100
111111111111000010
000000000000000011
111111111111100011
111111111001101000
111111111111101100
000000000001010100
000000001000001001
000000000010101100
000000001010011110
000000000111001101
000000000010101011
000000000101001011
000000001000110011
000000000101101010
111111111111010000
000000000100101101
111111111110101001
111111111110101010
000000000011111100
000000000000010100
000000000011101100
111111111010110111
111111111011001001
111111111101001011
000000000000111101
000000000000111011
111111110111011111
000000000011001001
000000000001000011
111111111001111010
000000000010011010
000000000100010010
000000000001100001
000000000010010011
111111111110010011
000000000011001011
000000000011001001
000000000100001100
111111111100111000
111111111111110110
000000000100101101
111111111011101101
000000000100111000
000000000100011011
000000000110101101
111111111011001100
000000000100101001
111111111111000110
000000000011111000
000000000010000110
000000000110111011
000000000011110111
111111111110111000
000000000001000001
111111111111100001
000000000011011001
000000000111101011
111111111010110001
111111111110101101
111111111101111011
000000000000001100
111111111001010111
000000000110100001
111111111110000101
000000000011100010
000000000011001001
000000000000111110
111111111101100010
000000000100001011
111111111110100101
000000000001101001
111111111110111000
000000000111010111
000000000101110001
111111111110010110
000000000001001111
000000000111010101
000000000011010000
000000000000110111
000000000001110001
000000000011010011
000000000000011100
000000000101100101
111111111100011100
000000000101111100
000000000110101111
000000000010000110
111111111100011111
000000000011001011
111111111111010001
000000000001110010
111111111000001010
111111111101101101
000000000010001000
000000000010100001
000000000000110011
000000000001110110
000000000000001010
111111111111100110
000000000100010011
111111111001011101
000000000110100010
000000000110110101
000000000110101111
111111111111001000
000000000010100100
000000000001001011
111111111110010101
000000000010111100
111111111100010001
111111110111110001
000000000110001111
111111111010011111
111111111101101010
000000000100011101
000000000011000000
000000000011110111
111111111111011111
000000000111011101
000000000100011011
111111111000011001
000000000000100000
000000001000000001
111111111001101000
000000000010111010
000000000001111011
000000000000011101
111111111111100001
000000000010000000
111111111011001100
111111111001101100
000000000000010001
000000000001100100
000000000001001100
000000000001100000
000000000011001110
111111111100111101
111111111011110111
111111111111011000
111111111001101110
000000000001100001
000000000001011001
000000000001111001
000000000011000010
000000000011011011
111111111010011101
111111111111010100
000000000001011011
000000000010000111
111111111101100101
111111111110011110
000000000000111100
111111111100101100
000000000001000011
111111110110101001
000000000010101101
111111111101101101
111111111000000001
111111111100110100
000000000010011010
000000000010111111
111111111101000100
111111111111100111
000000000000010110
111111111101110011
111111111110001001
111111110111111000
000000000000010011
000000000001110000
000000000011110001
111111111111101001
111111111011101001
111111111110100010
000000000100101011
000000000000100111
111111111001011010
111111111011101011
000000000010001000
000000000011111100
000000001000101100
000000000101000011
111111110101001111
000000000001000010
000000000010010101
000000000100110010
111111111101110110
000000000001111001
111111111111100011
000000000010111101
000000000001111101
111111111100000011
111111111111111111
111111111111110110
111111111111101010
000000000000001111
000000000000000100
000000000000100011
111111111111111110
111111111111111010
111111111111111001
000000000000001101
111111111111111100
000000000000010111
000000000000000100
000000000000011011
000000000000010011
000000000000000011
111111111111111101
000000000000001010
111111111111100111
111111111111111100
111111111111100110
000000000000010001
000000000000101010
000000000000001100
000000000000000000
000000000000000100
000000000000100001
111111111111111011
111111111111101111
111111111111100101
111111111111110000
111111111111100101
111111111111110111
000000000000000101
000000000000010100
000000000000011110
111111111111111000
111111111111111001
000000000000001011
000000000000010110
111111111111111110
111111111111111100
000000000000010000
000000000000000100
111111111111111111
000000000000000111
000000000000010011
000000000000100000
000000000000001011
000000000000000101
000000000000010010
111111111111110010
000000000000001010
000000000000000110
000000000000000011
000000000000010010
111111111111110100
111111111111111110
000000000000001001
000000000000001010
000000000000001110
000000000000001101
111111111111111000
000000000000001101
000000000000001110
111111111111111011
000000000000001001
000000000000100111
000000000000010000
111111111111111011
111111111111110101
111111111111101010
000000000000001000
111111111111110111
000000000000001111
000000000000010010
111111111111110111
000000000000000010
111111111111111100
000000000000010001
111111111111110100
111111111111111101
111111111111111111
000000000000001000
111111111111101100
111111111111110000
111111111111110110
000000000000001000
111111111111110101
000000000000000100
000000000000000101
000000000000000000
000000000000001001
000000000000001101
000000000000010100
111111111111111000
000000000000001100
000000000000001101
111111111111110101
111111111111110111
000000000000001000
000000000000010100
000000000000000100
000000000000001100
000000000000000010
000000000000000000
000000000000000000
111111111111111010
111111111111110010
000000000000000010
111111111111110010
000000000000010110
000000000000000100
000000000000001001
000000000000000110
000000000000000101
111111111111111101
000000000000000011
111111111111111010
000000000000001001
000000000000000000
000000000000000010
111111111111111010
000000000000000010
000000000000010111
000000000000100001
000000000000011100
000000000000000100
000000000000000101
111111111111111101
111111111111111111
111111111111111101
000000000000001001
000000000000000011
000000000000001011
000000000000001011
000000000000011010
000000000000100011
000000000000000011
000000000000000110
000000000000011010
000000000000011000
000000000000000010
000000000000010000
000000000000010101
000000000000100010
000000000000101010
111111111111101110
000000000000000001
000000000000000100
000000000001000010
111111111111101010
000000000000111010
000000000000000111
111111111111111110
000000000000001100
111111111111100011
000000000000000110
111111111111110100
111111111111110111
000000000000000111
000000000000000100
000000000000000000
111111111111111100
000000000000001011
000000000000000110
111111111111111110
111111111111111110
000000000000000111
111111111111110010
000000000000100011
000000000000001111
000000000000001100
000000000000010110
000000000000011010
000000000000001100
000000000000001110
000000000000010000
000000000000000111
000000000000000110
111111111111100101
000000000000000010
111111111111111010
000000000000000100
111111111111101001
111111111111110111
111111111111111100
111111111111111110
111111111111110100
111111111111110111
111111111111101111
000000000000000000
000000000000001111
000000000000001010
000000000000011101
111111111111111110
000000000000001010
111111111111111101
111111111111101110
000000000000000011
000000000000000011
000000000000000010
000000000000001010
000000000000000101
000000000000010001
000000000000000010
000000000000000011
000000000000000001
111111111111110111
000000000000000000
000000000000000101
000000000000000110
111111111111111000
111111111111111101
000000000000001000
000000000000010101
111111111111111000
111111111111101101
111111111111101110
000000000000000110
111111111111111111
000000000000011101
000000000000101010
000000000000000001
000000000000000000
000000000000011011
111111111111010000
000000000000000111
000000000000010010
000000000000001000
000000000000000101
111111111111110111
000000000000010101
000000000000000000
000000000000000101
000000000000001110
000000000000010101
000000000000001001
111111111111111111
111111111111110010
111111111111111010
000000000000001100
000000000000001110
111111111111111100
111111111111111111
000000000000000000
111111111111111100
111111111111111111
000000000000001001
000000000000000011
111111111111110000
000000000000001111
000000000000000010
111111111111110001
111111111111101010
000000000000001010
111111111111110011
111111111111110011
111111111111110111
000000000000001101
000000000000000010
000000000000001001
000000000000010010
111111111111110000
000000000000001101
000000000000001010
000000000000000001
111111111111101010
111111111111110110
111111111111110000
000000000000001100
000000000000001011
000000000000000010
111111111111111100
000000000000000100
000000000000001011
000000000000010011
111111111111110110
000000000000001110
111111111111101101
000000000000001000
000000000000001000
111111111111110000
111111111111110011
000000000000000010
111111111111111001
000000000000000110
000000000000000010
000000000000011101
000000000001010111
111111111111101101
111111111111110000
111111111111110000
000000000011010100
000000000011100111
000000000010100110
000000000000100111
000000000000001000
000000000010110100
111111111110111100
000000000000000000
000000000000001010
111111111111111011
000000000000000011
000000000000000000
111111111111111001
111111111111110101
111111111111111100
111111111111111101
000000000000000100
000000000000000010
000000000000000100
111111111111111111
000000000000001001
000000000000000110
000000000000001100
000000000000000111
111111111111111101
111111111111111100
000000000000000000
111111111111111010
111111111111110111
000000000000000001
111111111111111000
111111111111001000
000000000000001000
000000000000010011
111111111111111011
000000000000001010
111111111111100101
000000000000000101
000000000000011100
111111111111011110
111111111111111110
111111111111101000
000000000000010011
111111111111111110
000000000000000111
000000000000000001
000000000000001111
111111111111110110
111111111111110000
111111111111110011
111111111111111000
000000000000000001
000000000000000010
111111111111111111
111111111111111011
000000000011001010
000000000101000110
000000000100011011
000000000011011101
000000000001001101
000000000010000100
000000000010010100
111111111111100110
000000000000000100
000000000000000001
111111111110001111
000000000000011011
000000000000000010
000000000000000111
111111111111111110
000000000000000101
111111111111111100
111111111111111111
000000000000000111
000000000000000010
000000000000000111
000000000000000001
000000000000000110
000000000000000010
111111111111111010
000000000000000001
000000000000000111
000000000000001111
000000000000000101
111111111111111110
111111111111110110
111111111111111011
000000000000000100
000000000000000010
111111111111111011
111111111111111101
111111111111111110
000000000000000110
000000000000000101
111111111111111011
111111111111111101
000000000000000111
000000000000000110
000000000000000011
000000000000000010
111111111111110110
111111111111111101
000000000000001000
111111111101011101
111111111111111100
000000000000110011
000000000000001100
111111111101110010
000000000010110001
000000000101001111
000000000101001011
000000000010101100
000000000000110000
000000000011000000
000000000011110011
111111111111111011
000000000000000010
111111111111111011
000000000000000010
000000000000000110
000000000000000001
111111111111111000
111111111111111001
111111111111111011
111111111111111010
111111111111111100
111111111111110100
000000000100001100
000000000101101110
000000000010111110
000000000001011010
000000000000101000
000000000000001001
000000000000001100
000000000010111100
111111111111111110
111111111111110101
000000000000010010
000000000000100001
000000000000000000
000000000000000100
000000000000000010
000000000000000011
000000000000000010
111111111111111111
111111111111111001
000000000000000011
111111111111111010
000000000000000010
111111111111111011
000000000000000101
000000000000000111
000000000000001100
000000000000000010
000000000000001011
000000000000000000
000000000000000110
111111111111111111
111111111111111101
000000000000000100
000000000000001000
000000000000001000
000000000000000101
000000000000000010
000000000000000000
111111111111111011
111111111111111111
000000000000001000
111111111111111101
000000000000000000
111111111111111110
000000000000000001
111111111111111011
000000000000001101
000000000000000100
111111111111111110
000000000000000101
111111111111111101
000000000000000100
000000000000000001
111111111111111011
111111111111110100
111111111111111010
111111111111110001
111111111111110001
111111111111111001
111111111111111000
000000000000000000
000000000000000000
000000000000000000
000000000000000000
000000000000000000
000000000000000000
000000000000000000
000000000000000000
000000000000000000
000000000000000000
000000000000000000
000000000000000000
000000000000000000
000000000000000000
000000000000000000
000000000000000000
000000000000000000
000000000000000000
000000000000000000
000000000000000000
000000000000000000
000000000000000000
000000000000000000
000000000000000000
000000000000000000
000000000000000000
000000000000000000
000000000000000000
000000000000000000
000000000000000000
000000000000000000
000000000000000000
000000000000000000
000000000000000000
000000000000000000
000000000000000000
000000000000000000
000000000000000000
000000000000000000
000000000000000000
000000000000000000
000000000000000000
000000000000000000
000000000000000000
000000000000000000
000000000000000000
000000000000000000
000000000000000000
000000000000000000
000000000000000000
000000000000000000
000000000000000000
000000000000000000
000000000000000000
000000000000000000
000000000000000000
000000000000000000
000000000000000000
000000000000000000
000000000000000000
000000000000000000
000000000000000000
000000000000000000
000000000000000000
000000000000000000
000000000000000000
000000000000000000
000000000000000000
000000000000000000
000000000000000000
000000000000000000
000000000000000000
000000000000000000
000000000000000000
000000000000000000
000000000000000000
000000000000000000
000000000000000000
000000000000000000
000000000000000000
000000000000000000
000000000000000000
000000000000000000
000000000000000000
000000000000000000
000000000000000000
000000000000000000
000000000000000000
000000000000000000
000000000000000000
000000000000000000
000000000000000000
000000000000000000
000000000000000000
000000000000000000
000000000000000000
