000000000100010111
000000000000001001
000000000001101000
111111111111110100
000000000110010110
000000000001111011
000000000110010100
000000000000001011
000000000100100001
111111111011110011
111111001110010011
111111011110101101
111111110101111001
000000000001110111
111111111100010110
000000000001010110
111111011100110001
111111011001110010
111111111101010101
000000000001101001
111111111000001100
000000000000010101
000000000010000100
111111111111000101
000000000001011001
111111111100111110
000000000010101011
111111101010100110
111111011111000101
111111101001001001
111111110100000110
111111100011111101
111111110100011101
000000000001000110
111111111100010100
111111111000011000
000000000000000000
000000000000000000
000000000000000000
000000000000000000
000000000000000000
000000000000000000
000000000000000000
000000000000000000
000000000000000000
000000000000000000
000000000000000000
000000000000000000
000000000000000000
000000000000000000
000000000000000000
000000000000000000
000000000000000000
000000000000000000
000000000000000000
000000000000000000
000000000000000000
000000000000000000
000000000000000000
000000000000000000
000000000000000000
000000000000000000
000000000000000000
000000000000000000
000000000000000000
000000000000000000
000000000000000000
000000000000000000
000000000000000000
000000000000000000
000000000000000000
000000000000000000
000000000000000000
000000000000000000
000000000000000000
000000000000000000
000000000000000000
000000000000000000
000000000000000000
000000000000000000
000000000000000000
000000000000000000
000000000000000000
000000000000000000
000000000000000000
000000000000000000
000000000000000000
000000000000000000
000000000000000000
000000000000000000
000000000000000000
000000000000000000
000000000000000000
000000000000000000
000000000000000000
000000000000000000
000000000000000000
000000000000000000
000000000000000000
000000000000000000
000000000000000000
000000000000000000
000000000000000000
000000000000000000
000000000000000000
000000000000000000
000000000000000000
000000000000000000
000000000000000000
000000000000000000
000000000000000000
000000000000000000
000000000000000000
000000000000000000
000000000000000000
000000000000000000
000000000000000000
000000000000000000
000000000000000000
000000000000000000
000000000000000000
000000000000000000
000000000000000000
000000000000000000
000000000000000000
000000000000000000
000000000000000000
000000000000000000
000000000000000000
000000000000000000
000000000000000000
000000000000000000
000000000000000000
000000000000000000
000000000000000000
000000000000000000
000000000000000000
000000000000000000
000000000000000000
000000000000000000
000000000000000000
000000000000000000
000000000000000000
000000000000000000
000000000000000000
000000000000000000
000000000000000000
000000000000000000
000000000000000000
000000000000000000
000000000000000000
000000000000000000
000000000000000000
000000000000000000
000000000000000000
000000000000000000
000000000000000000
000000000000000000
000000000000000000
000000000000000000
000000000000000000
000000000000000000
000000000000000000
000000000000000000
000000000000000000
000000000000000000
000000000000000000
000000000000000000
000000000000000000
000000000000000000
000000000000000000
000000000000000000
000000000000000000
000000000000000000
000000000000000000
000000000000000000
000000000000000000
000000000000000000
000000000000000000
000000000000000000
000000000000000000
000000000000000000
000000000000000000
000000000000000000
000000000000000000
000000000000000000
000000000000000000
000000000000000000
000000000000000000
000000000000000000
000000000000000000
000000000000000000
000000000000000000
000000000000000000
000000000000000000
000000000000000000
000000000000000000
000000000000000000
000000000000000000
000000000000000000
000000000000000000
000000000000000000
000000000000000000
000000000000000000
000000000000000000
000000000000000000
000000000000000000
000000000000000000
000000000000000000
000000000000000000
000000000000000000
000000000000000000
000000000000000000
000000000000000000
000000000000000000
000000000000000000
000000000000000000
000000000000000000
000000000000000000
000000000000000000
000000000000000000
000000000000000000
000000000000000000
000000000000000000
000000000000000000
000000000000000000
000000000000000000
000000000000000000
000000000000000000
000000000000000000
000000000000000000
000000000000000000
000000000000000000
000000000000000000
000000000000000000
000000000000000000
000000000000000000
000000000000000000
000000000000000000
000000000000000000
000000000000000000
000000000000000000
000000000000000000
000000000000000000
000000000000000000
000000000000000000
000000000000000000
000000000000000000
000000000000000000
000000000000000000
000000000000000000
000000000000000000
000000000000000000
000000000000000000
000000000000000000
000000000000000000
000000000000000000
000000000000000000
000000000000000000
000000000000000000
000000000000000000
000000000000000000
000000000000000000
000000000000000000
000000000000000000
000000000000000000
000000000000000000
000000000000000000
000000000000000000
000000000000000000
000000000000000000
000000000000000000
000000000000000000
000000000000000000
000000000000000000
000000000000000000
000000000000000000
000000000000000000
000000000000000000
000000000000000000
000000000000000000
000000000000000000
000000000000000000
000000000000000000
000000000000000000
000000000000000000
000000000000000000
000000000000000000
111111111100111110
111111110110011001
111111110111000010
111111111110111001
000000000011110100
000000000000111100
111111111100000001
000000000110101101
111111110101010001
111111111100000111
111111111000111100
111111111010111010
111111111110110100
000000000101101101
111111111111111101
000000000111010000
000000000100101000
000000000011110101
000000000111000001
111111111100110111
111111111001001111
111111111011001110
111111111101001101
000000000001001100
000000000001001100
000000000110000011
000000000011110001
000000000010010100
111111111100010110
111111111011001110
000000000110111100
111111111110001111
000000000110010011
111111111010000011
111111111111110100
111111111101111001
000000000100110101
111111111101010000
000000000111110101
111111111110100101
000000000000011110
000000000010001011
000000001000001111
111111111101110000
000000000101011101
111111111101001000
111111111110010100
000000000001101011
111111111101001000
111111111110111101
000000000100011011
000000000010111011
000000000010101000
111111111101101101
111111111101100110
000000000100001001
000000000100101101
000000001010110111
000000000001110110
000000000010110000
000000000011011110
000000000001111011
000000001000000010
111111111101000111
111111111011100000
111111111110101110
000000000100000001
000000000000001101
111111111110011001
111111111100101011
000000000100010111
111111111111001000
000000000011110101
111111111011000101
000000000011111100
000000000001010101
111111111101100001
000000000010010110
000000000010011111
000000000111000100
000000000000111100
111111111010101000
111111111100100000
000000000000110011
000000001001101101
111111110101011111
000000000110011000
000000000011100100
111111111000110000
111111111011000000
000000000010111100
000000000000110000
111111111101001011
000000000101011000
111111111100010010
111111111100010010
000000001010000100
000000000000111100
000000001001001010
111111111010000011
000000000010001111
000000000011011011
000000000100000100
000000000001011111
000000010000100110
111111111101100010
000000000011010010
000000001001001110
111111111110000011
111111111100101010
000000000100010010
111111111111101000
000000000001111000
111111111111001100
111111111001010110
000000000100000111
111111111100111010
111111111001101010
000000000010011011
111111111010011110
111111111011111001
000000000000101100
111111110100100101
111111111011101111
000000000001001110
111111111111101010
111111110110110010
111111111011101010
000000000100010001
111111111110011001
111111111111110011
111111110110001111
111111110111111111
000000000010110000
000000001010100000
111111111111100010
000000000100010000
000000000100011100
111111111111110001
111111111011111110
111111110111010001
111111111101110101
000000000000011111
000000000111100100
000000000001100001
111111111111110110
111111110101110001
000000000101011101
000000000011011100
111111111110010011
111111111110010111
111111110011010000
111111111110010000
111111111100000011
000000000010101100
000000001000001111
111111111000011000
111111111001011101
000000000001111001
111111111011000101
111111111111000110
000000000101001011
111111111001110111
111111111011111011
000000000101100011
111111111110111001
111111111111100101
111111111001101011
111111111011000101
000000000111000011
000000001010111000
000000000111010011
000000000001001010
111111111110100010
000000000111011011
111111111111101001
000000000011001100
000000000110001010
000000000101100001
000000000010100111
000000000001100011
111111111100010101
111111111011001111
000000000001101101
000000000010011110
000000000110010110
000000000110111001
000000000101001000
000000000001101001
000000000000010001
111111111011010110
111111111110001101
000000000100000100
111111111101111011
111111111110010010
111111111001100111
000000001000111010
000000000100110011
000000000001000111
111111111110001001
000000000011100011
111111111111111010
000000000101111101
111111111101000101
111111111001011001
111111111101110011
111111111110010011
000000000111100100
111111111101110111
111111111100001111
000000000001111111
111111111101101100
111111111111001010
111111111101011111
000000000100001011
000000000011011001
111111111111001001
000000000011011011
111111111010011001
000000001000111011
111111110111101000
111111111111001000
111111110111011010
000000000011010110
111111111100100110
111111111111001011
111111111111010111
111111111010110011
111111111111010100
000000000011111000
000000000010100001
000000000010111110
000000000011101010
000000000001010001
000000000010101110
000000000000001111
111111111100010001
000000000101101100
000000000101111011
111111111110111001
000000000110000100
111111111110111010
000000000100010000
000000000000001000
000000000101001010
111111111111101011
000000000111100110
111111111101100011
111111111101100011
111111111001110110
000000000001110101
000000000010001110
111111111101101000
000000001000000011
000000000001110111
111111111000111110
111111111111001111
000000000110110010
000000000000100111
000000000000010101
000000000001110011
111111110101101011
111111111101000011
111111111110011011
111111111110111011
111111111101001010
111111111100011111
000000000111010010
000000000101001110
000000000001110000
111111111100100111
000000000001101000
000000000110010110
111111111110110001
111111111111010010
000000000111010001
111111111010110110
111111111011101000
111111111011100100
000000000100110010
000000000010011110
000000000101101100
000000000010110101
000000000010000100
000000000001100000
111111111101010001
111111111100101101
000000000001000111
000000000000011100
000000000010000100
111111111110011010
111111111110101000
000000000011100101
111111111100101111
000000000100000001
000000000010000010
111111111111000010
000000000001100101
000000000101000111
000000000100000101
000000000000100100
111111111011000011
111111111001111101
111111111000111111
111111111111111010
111111111101111110
000000000001101011
111111111100100110
000000000101001100
111111111111010110
111111111011100110
000000000000100111
111111111100101100
000000000010101111
000000000001010000
000000000010111001
000000000001101101
111111111110100110
000000000000010001
111111111100111100
111111111001000011
000000000100110001
111111111111000011
000000000100000010
111111111101001110
000000000000000111
111111111010111000
111111111100110101
000000000010001100
111111111010000000
000000000111001001
000000000000000000
111111110111001111
000000000000100000
000000000111000010
000000000011010110
000000000001010011
000000000000001011
111111111001101100
111111111111111011
111111111111000111
111111111001101101
111111111011101010
000000000001111110
000000000001001001
111111111110000100
000000000000101100
000000000110101011
000000000111011000
111111111100110001
000000000000111011
111111111100101010
111111111011001100
000000000011010001
111111111111101000
111111111111111011
111111111111100000
000000000000111111
111111111101100001
000000000000011000
111111111111011001
111111111111100100
111111111101101111
111111111011111001
111111111010011011
111111111111011101
000000000011101001
111111111110000011
111111111111110110
111111111100001001
000000000010001010
000000000101101010
111111111111010100
111111111110011000
000000000010010110
000000000000101000
111111111101000111
000000000000110100
111111111101110101
000000001000000011
111111111100101110
111111111001011000
111111111110010001
000000000010000001
111111111110100101
000000000000110010
111111111101011011
111111111000011111
000000000011010110
111111111101110111
111111111111100110
000000000010010011
000000000000111101
000000000100001000
000000000011100111
000000000000110000
000000000110011110
000000000111000001
000000000110100011
111111111111010011
000000000101101001
000000000100000100
000000000010110111
000000000111001101
000000000100010011
111111111111110100
111111111001100011
111111111000000001
000000000001000100
111111111011110111
111111111110110011
111111111101001101
000000001000010100
000000001000110001
000000000001001001
000000000110001100
000000000101100101
111111111011110101
111111111110011001
000000001010001100
000000000101111001
000000000101010001
000000000101110100
000000000010101001
111111111111110110
000000000000001000
111111111110100110
000000000101101100
000000000001100111
111111111010101111
111111111111100000
000000000010000110
000000000011010111
000000000010011100
000000000000011010
111111111001101010
111111111110000000
111111111101011010
000000000110000000
000000000111110110
111111111010001000
111111111111100010
111111111001011101
000000000000101110
111111111110000111
111111111100010001
111111111011110110
111111111111011000
111111110111111101
000000000001100001
000000000011110110
000000000000111110
000000000010001110
000000000101011111
111111111100000101
111111111110110010
000000000001111100
111111111011110001
000000000001011110
111111111111101101
000000000011011001
000000000100001010
111111111101001011
000000001000011110
111111111010111111
000000000000011101
000000000100011110
111111111110010110
111111111111001100
111111111100011001
000000000011001000
111111111101001010
111111111100101101
000000000001001101
111111111011000100
111111111010011000
000000000100110101
111111111111100001
111111111111101110
000000000011111011
000000000011101000
111111111011010011
111111111110101011
111111111100101000
111111111110010100
111111111110111100
000000000111111000
000000001100111011
000000001110100111
000000000001010011
000000000011001111
000000000110011100
000000000110010110
000000000111011011
000000000011011110
111111111111011010
000000000000101110
111111111011010100
000000000001000010
000000000010010100
000000000100100011
111111111101000001
000000000011000000
111111111101101101
111111111010001100
000000000000111100
111111111001011000
111111111110001001
111111111101010000
000000000000010011
111111111110110000
000000000001011000
000000000001000000
111111111110011111
111111111100011110
111111111111110110
000000000100010011
111111111110101000
111111111111100111
111111111101000011
000000000000110010
111111111010111111
111111111011001100
000000000010011111
111111111101110001
000000000001110110
111111111111111100
111111111001110111
000000000101111101
000000000010110001
111111111101011100
000000000001110110
000000001000011110
000000000101010111
000000000010100010
000000000000110001
000000000100011111
000000000101001101
000000000000101011
111111110101100110
111111111111000001
111111111000111100
000000000011100011
111111111100110001
000000000000011100
000000000001010000
111111111110101100
111111111111011000
000000000100111000
000000000101000101
111111111110000010
000000000010100001
111111111110100001
000000000000001100
111111111111011001
111111111100101110
111111111001000011
000000000000100111
111111111101011101
111111111011010000
000000000000100101
111111111011011011
111111111111010011
000000000000011111
000000000010011000
111111111110101011
111111111010011010
000000000000001000
000000000110001111
000000000100110111
111111111111100101
111111111101001101
111111111111001111
111111110110100010
000000000001000011
111111111101101001
111111111111111010
000000000000000001
000000000000000100
000000000000011001
000000000000011110
111111111111100011
111111111111111101
000000000000001111
000000000000000100
000000000000001111
111111111111110111
111111111111100000
111111111111110101
111111111111111101
000000000000010010
000000000000010010
000000000000000101
111111111111110001
000000000000000111
000000000000001000
000000000000000101
111111111111111001
000000000000011101
111111111111111101
000000000000101010
000000000000000100
000000000000010101
111111111111110100
111111111111110011
111111111111110110
000000000000001011
111111111111110111
111111111111101001
000000000000011110
000000000000001101
111111111111111010
000000000000000100
000000000000001010
000000000000001100
000000000000000100
000000000000001111
000000000000010001
000000000000000111
000000000000001011
000000000000100010
000000000000011110
000000000000000011
000000000000001000
111111111111110000
000000000000010000
000000000000001001
000000000000010010
111111111111110001
111111111111100001
111111111111111110
000000000000010001
000000000000010010
000000000000010011
000000000000010000
000000000000010100
111111111111101101
111111111111110100
000000000000000100
111111111111110101
000000000000000101
000000000000000101
000000000000000001
000000000000000110
000000000000011100
111111111111111000
111111111111111001
000000000000010011
111111111111111011
111111111111101101
111111111111111111
000000000000000001
000000000000001001
000000000000000111
000000000000011111
000000000000001010
000000000000000011
111111111111101101
000000000000000111
000000000000010101
111111111111111000
000000000000010001
111111111111111011
000000000000011010
000000000000011001
000000000000001101
000000000000001000
000000000000011001
111111111111111101
000000000000001010
000000000000010000
000000000000000011
000000000000001110
000000000000010000
000000000000000101
000000000000000111
000000000000010000
000000000000010010
000000000000000101
000000000000000011
000000000000001011
000000000000000001
111111111111110000
111111111111110100
000000000000000101
000000000000001010
000000000000000010
000000000000010000
000000000000010011
111111111111110001
111111111111101111
000000000000011100
000000000000001010
000000000000000110
111111111111111011
000000000000010101
111111111111110011
000000000000000100
111111111111110100
000000000000001000
000000000000000001
111111111111111100
000000000000001101
000000000000000010
111111111111111111
000000000000000111
111111111111111100
000000000000010100
000000000000001010
000000000000000001
000000000000010010
000000000000000000
000000000000010111
000000000000000110
000000000000010000
111111111111111111
111111111111111011
111111111111111111
111111111111101110
111111111111011011
000000000000101000
000000000000010010
111111111111100110
000000000000011010
000000000000010010
000000000000001110
000000000000111000
000000000000001010
000000000000101111
111111111111111100
111111111111111010
111111111111111001
000000000000011101
000000000000011000
000000000000011001
000000000000001000
111111111111101001
000000000000010100
111111111111111100
111111111111110010
111111111111110010
000000000000000110
000000000000001101
000000000000000111
111111111111101101
111111111111110010
000000000000010100
111111111111101111
111111111111110111
000000000000000111
000000000000100001
000000000000011111
000000000000000000
111111111111111101
000000000000000100
111111111111101001
111111111111100110
111111111111101110
111111111111101011
000000000000011111
000000000000000110
111111111111010010
000000000000000111
111111111111111110
111111111111100100
111111111111101001
000000000000010100
000000000000001100
000000000000100011
000000000000010001
000000000000000110
111111111111101010
000000000000010111
000000000000000001
111111111111110011
000000000000010010
000000000000000100
000000000000000101
000000000000001110
000000000000011000
111111111111111111
000000000000010111
000000000000101010
000000000000001110
000000000000010111
000000000000001100
000000000000010001
000000000000000011
000000000000001011
000000000000011000
000000000000001000
111111111111111110
111111111111111011
000000000000001001
000000000000010111
000000000000101110
000000000000001010
000000000000000111
000000000000010100
000000000000001010
000000000000000111
000000000000011111
000000000000001010
000000000001110100
000000000000000101
000000000000001011
000000000000000000
000000000000100001
000000000000000100
111111111111111111
000000000000000010
111111111111110000
111111111111011111
111111111111111011
000000000000001010
000000000000001110
111111111111111001
111111111111011011
111111111111110100
111111111111111101
111111111111110110
000000000000001001
000000000000000010
000000000000000101
000000000000010101
000000000000001011
000000000000000011
000000000000011000
000000000000000100
000000000000010000
000000000000000101
000000000000000000
111111111111111110
000000000000001010
000000000000000010
000000000000001010
000000000000000110
111111111111111110
000000000000001010
000000000000001010
111111111111110011
000000000000001101
000000000000001000
111111111111110010
111111111111101111
111111111111111010
111111111111101011
000000000000000010
000000000000010000
000000000000010000
000000000000001011
000000000000000001
000000000000010011
111111111111110101
000000000000101000
111111111111100101
111111111111111011
111111111111110110
111111111111101110
111111111111111111
111111111111100010
111111111111110000
000000000000001001
111111111111111011
111111111111111011
111111111111111101
000000000000000110
111111111111101010
111111111111101101
000000000101011000
000000000100111011
000000000100111010
000000000010011001
000000000000010011
111111111111011010
000000000000001001
111111111111111110
000000000000000100
000000000000000010
000000000000000001
111111111111111011
000000000000000010
000000000000000100
000000000000000011
111111111111111110
000000000000000100
111111111111110111
111111111111111011
111111111111111110
000000000000001010
000000000000000010
111111111111111011
000000000000000100
000000000000000111
111111111111111001
111111111111111110
111111111111111000
000000000000000011
000000000000000011
111111111111111010
111111111111111000
111111111111100110
111111111111101010
111111111111111001
000000000000000001
000000000000000011
000000000000011110
000000000000011111
000000000000110111
111111111111011100
000000000011101010
111111111111011110
111111111111111101
000000000000001110
000000000000001010
111111111111111101
000000000000001000
000000000000000100
111111111111111110
000000000000000110
111111111111110110
000000000000001001
111111111111111101
000000000000001100
000000000100100011
000000000100111000
000000000101011010
000000000011000101
111111111111010100
000000000001111010
111111111111110010
000000000000000010
111111111111111011
000000000001000010
000000000000100000
000000000000001010
000000000000000110
000000000000000110
000000000000001101
000000000000000001
000000000000000101
000000000000001000
000000000000000100
000000000000000001
111111111111110101
000000000000000010
000000000000000101
111111111111111110
111111111111111001
000000000000000010
000000000000000001
111111111111111111
000000000000001100
111111111111111010
111111111111111010
000000000000000011
000000000000001001
000000000000000110
000000000000000010
000000000000001001
111111111111111111
000000000000000100
000000000000000000
111111111111111100
111111111111111011
111111111111111110
000000000000000010
111111111111111010
000000000000000100
000000000000001101
000000000000000000
111111111111111100
111111111100001101
111111111111110011
000000000001010001
111111111111110010
111111111111110110
000000000000000100
000000000010011001
000000000011000010
000000000001111101
111111111111111010
000000000100111011
000000000011011111
111111111111111001
111111111111111110
111111111111111111
000000000000000000
111111111111111110
000000000000000010
000000000000000010
111111111111111111
111111111111111000
111111111111111001
111111111111111111
111111111111111011
000000000011100111
000000000011010110
000000000011000001
000000000011110011
000000000000001010
111111111111111010
000000000000100001
111111111111011001
000000000000101110
000000000000001110
000000000000010110
111111111111110010
111111111111111110
111111111111110010
000000000000000011
111111111111111011
111111111111111100
111111111111111000
000000000000000010
000000000000000001
000000000000000000
000000000000001000
000000000000000001
000000000000000000
111111111111111111
111111111111111001
000000000000001011
000000000000000100
111111111111111111
111111111111111100
000000000000000000
000000000000000011
111111111111111010
000000000000000001
000000000000000010
000000000000000001
000000000000000101
000000000000000010
111111111111111101
111111111111111100
111111111111111101
000000000000000000
111111111111111100
111111111111111110
000000000000000001
000000000000000010
000000000000001011
000000000000000011
000000000000000001
000000000000000011
000000000000000110
000000000000000001
111111111111111101
000000000000000101
111111111111111111
111111111111110101
000000000000000101
000000000000001000
111111111111111100
111111111111111110
000000000000000000
000000000000000000
000000000000000000
000000000000000000
000000000000000000
000000000000000000
000000000000000000
000000000000000000
000000000000000000
000000000000000000
000000000000000000
000000000000000000
000000000000000000
000000000000000000
000000000000000000
000000000000000000
000000000000000000
000000000000000000
000000000000000000
000000000000000000
000000000000000000
000000000000000000
000000000000000000
000000000000000000
000000000000000000
000000000000000000
000000000000000000
000000000000000000
000000000000000000
000000000000000000
000000000000000000
000000000000000000
000000000000000000
000000000000000000
000000000000000000
000000000000000000
000000000000000000
000000000000000000
000000000000000000
000000000000000000
000000000000000000
000000000000000000
000000000000000000
000000000000000000
000000000000000000
000000000000000000
000000000000000000
000000000000000000
000000000000000000
000000000000000000
000000000000000000
000000000000000000
000000000000000000
000000000000000000
000000000000000000
000000000000000000
000000000000000000
000000000000000000
000000000000000000
000000000000000000
000000000000000000
000000000000000000
000000000000000000
000000000000000000
000000000000000000
000000000000000000
000000000000000000
000000000000000000
000000000000000000
000000000000000000
000000000000000000
000000000000000000
000000000000000000
000000000000000000
000000000000000000
000000000000000000
000000000000000000
000000000000000000
000000000000000000
000000000000000000
000000000000000000
000000000000000000
000000000000000000
000000000000000000
000000000000000000
000000000000000000
000000000000000000
000000000000000000
000000000000000000
000000000000000000
000000000000000000
000000000000000000
000000000000000000
000000000000000000
000000000000000000
000000000000000000
