000000000100001010
000000001000010110
111111111110000000
000000000011101110
000000000011111010
111111110110101110
111111111001101000
000000000100111010
000000000010000111
111111111101110011
111111111111111110
111111111111010111
000000000101001011
000000000101011000
000000001001011100
111111110100011110
000000001000001000
111111111010111001
111111111111011000
000000000101011000
111111111110000100
111111111100011010
111111111000001001
000000000001011001
000000000000000101
111111111111010001
111111111111100111
000000000101000101
111111111101000111
000000001000101100
000000001101001110
111111110110001110
000000000100111001
000000000011101011
111111111001101101
000000010001100111
000000000000000000
000000000000000000
000000000000000000
000000000000000000
000000000000000000
000000000000000000
000000000000000000
000000000000000000
000000000000000000
000000000000000000
000000000000000000
000000000000000000
000000000000000000
000000000000000000
000000000000000000
000000000000000000
000000000000000000
000000000000000000
000000000000000000
000000000000000000
000000000000000000
000000000000000000
000000000000000000
000000000000000000
000000000000000000
000000000000000000
000000000000000000
000000000000000000
000000000000000000
000000000000000000
000000000000000000
000000000000000000
000000000000000000
000000000000000000
000000000000000000
000000000000000000
000000000000000000
000000000000000000
000000000000000000
000000000000000000
000000000000000000
000000000000000000
000000000000000000
000000000000000000
000000000000000000
000000000000000000
000000000000000000
000000000000000000
000000000000000000
000000000000000000
000000000000000000
000000000000000000
000000000000000000
000000000000000000
000000000000000000
000000000000000000
000000000000000000
000000000000000000
000000000000000000
000000000000000000
000000000000000000
000000000000000000
000000000000000000
000000000000000000
000000000000000000
000000000000000000
000000000000000000
000000000000000000
000000000000000000
000000000000000000
000000000000000000
000000000000000000
000000000000000000
000000000000000000
000000000000000000
000000000000000000
000000000000000000
000000000000000000
000000000000000000
000000000000000000
000000000000000000
000000000000000000
000000000000000000
000000000000000000
000000000000000000
000000000000000000
000000000000000000
000000000000000000
000000000000000000
000000000000000000
000000000000000000
000000000000000000
000000000000000000
000000000000000000
000000000000000000
000000000000000000
000000000000000000
000000000000000000
000000000000000000
000000000000000000
000000000000000000
000000000000000000
000000000000000000
000000000000000000
000000000000000000
000000000000000000
000000000000000000
000000000000000000
000000000000000000
000000000000000000
000000000000000000
000000000000000000
000000000000000000
000000000000000000
000000000000000000
000000000000000000
000000000000000000
000000000000000000
000000000000000000
000000000000000000
000000000000000000
000000000000000000
000000000000000000
000000000000000000
000000000000000000
000000000000000000
000000000000000000
000000000000000000
000000000000000000
000000000000000000
000000000000000000
000000000000000000
000000000000000000
000000000000000000
000000000000000000
000000000000000000
000000000000000000
000000000000000000
000000000000000000
000000000000000000
000000000000000000
000000000000000000
000000000000000000
000000000000000000
000000000000000000
000000000000000000
000000000000000000
000000000000000000
000000000000000000
000000000000000000
000000000000000000
000000000000000000
000000000000000000
000000000000000000
000000000000000000
000000000000000000
000000000000000000
000000000000000000
000000000000000000
000000000000000000
000000000000000000
000000000000000000
000000000000000000
000000000000000000
000000000000000000
000000000000000000
000000000000000000
000000000000000000
000000000000000000
000000000000000000
000000000000000000
000000000000000000
000000000000000000
000000000000000000
000000000000000000
000000000000000000
000000000000000000
000000000000000000
000000000000000000
000000000000000000
000000000000000000
000000000000000000
000000000000000000
000000000000000000
000000000000000000
000000000000000000
000000000000000000
000000000000000000
000000000000000000
000000000000000000
000000000000000000
000000000000000000
000000000000000000
000000000000000000
000000000000000000
000000000000000000
000000000000000000
000000000000000000
000000000000000000
000000000000000000
000000000000000000
000000000000000000
000000000000000000
000000000000000000
000000000000000000
000000000000000000
000000000000000000
000000000000000000
000000000000000000
000000000000000000
000000000000000000
000000000000000000
000000000000000000
000000000000000000
000000000000000000
000000000000000000
000000000000000000
000000000000000000
000000000000000000
000000000000000000
000000000000000000
000000000000000000
000000000000000000
000000000000000000
000000000000000000
000000000000000000
000000000000000000
000000000000000000
000000000000000000
000000000000000000
000000000000000000
000000000000000000
000000000000000000
000000000000000000
000000000000000000
000000000000000000
000000000000000000
000000000000000000
000000000000000000
000000000000000000
000000000000000000
000000000000000000
000000000000000000
000000000000000000
000000000000000000
000000000000000000
000000000000000000
000000000000000000
000000000000000000
000000000000000000
000000000000000000
000000000000000000
111111111101000111
000000000101010000
000000000011001001
000000000000011100
111111111100001001
111111110000011100
000000000010011001
000000000100010011
111111110001001001
000000000111101111
000000000000000100
111111111110100100
111111111000110101
000000000010000011
000000000001010110
111111111110010001
111111111011110101
000000000111110001
111111110111010011
000000000111111011
000000000110011110
000000000000000010
111111111100000110
111111110111010111
111111111000100110
111111111101111101
111111110101111101
111111111011101010
000000000001110000
111111111111010001
111111111111101001
000000000000010111
111111110111110111
000000000111000000
000000000101100111
000000000101011110
111111111101101100
111111111011000010
000000001101111111
000000001010101000
000000000100110010
111111111100100100
000000000111001101
000000000100100001
111111111101110100
111111111000100000
111111111001110111
000000001000101110
000000000000000000
000000000100100110
000000000000100100
111111111111100101
000000000001011101
111111111110110011
000000000000111110
000000001100011001
111111111111111001
000000000011101100
000000000001100001
000000000011111001
111111111110111011
000000000011011111
000000000111101001
000000000100000001
000000000001000010
111111111100110100
111111111010011101
111111111011011110
111111111101111110
000000000001000000
111111111111111001
000000000000001101
000000000101100110
111111111111111000
111111111101100011
000000000111101110
111111111111001001
000000000001110111
000000000110000110
000000000000111011
000000000010110111
111111110110101111
000000000011100001
000000000110011011
000000001000100110
000000000010110100
000000000111010100
000000000001111101
111111111111100000
111111111101011001
000000000000110110
111111111010100000
111111111001111011
000000001001100111
000000000001010100
111111111010101001
000000000000001000
111111111111010100
000000000011011010
111111111101010000
000000000001001101
000000000011110000
000000000101101000
000000000100010001
000000000100110001
000000000001000101
000000000010101010
000000000110001010
000000000000101111
000000000011101110
111111111111110111
111111111101100111
111111111111110000
111111111011010000
000000000000101011
000000000100110010
000000000011011101
000000000010010101
111111111000010000
000000000001101110
111111111110101000
111111111110011000
111111111101001001
000000000011010000
000000000111111001
000000000110100010
000000000100000100
000000000011001010
111111111010111101
111111111011101111
000000000010011110
000000000110010100
000000000000010010
000000000010011100
111111111100110110
000000000000100101
111111111101011001
000000000010001001
000000000011010101
000000000001100110
111111111101101101
111111111001000101
000000000111110011
111111111110011010
111111111011010001
111111111100011111
000000000001110100
000000000100001100
111111111111101011
111111111100001010
111111111111011110
000000000001101011
000000000000100010
111111111011101101
111111111001100011
111111111101011101
000000000011001110
000000000110001010
111111111111010000
111111111000001001
111111111001100001
000000000001000001
111111111000001010
111111111000100110
000000000001101011
000000000101001000
000000000000011001
000000000001101101
000000000001111011
000000000001011100
111111111001011100
000000001010001001
000000000001100100
000000001000001111
000000000101111011
000000000100010111
000000000101000000
000000001111011011
000000000111000111
000000001000100111
000000000000001101
000000000011110110
000000000101010100
000000000100110111
000000000010111101
000000001000110010
000000000010000011
000000001000100011
000000000110101010
111111111100000100
111111111101101011
000000000000011000
000000000010010001
111111111110001101
111111110111110110
111111111101111010
000000000000011010
000000000001001001
111111111011000010
111111111010000100
000000000100011000
000000000101110011
000000000001110101
111111110011111000
111111111101010101
111111111111101110
111111111000101000
111111111011000010
111111110111111110
111111111001010010
000000000100110101
111111111111010011
000000000100110000
000000001001011010
000000000011011101
000000000010100111
000000000101011010
111111111111100001
000000000000001001
111111111011101111
000000000111000011
000000000001111110
111111111001010110
000000000001101010
111111111101011011
111111111001011011
111111111101011010
000000000011100001
000000000110010010
111111111111011000
000000000001001000
000000000000000111
000000000000000110
111111110101010000
111111111011101110
000000000100001100
111111110110100000
000000000100011000
000000000100101010
000000000001100010
000000000101100011
000000000100010011
000000000111010111
111111111101010010
000000000100110010
000000000100011001
111111110110111101
111111111000100000
000000000011110101
000000000001100111
000000000001101101
111111111010000000
000000001000010101
111111111111100010
111111111111000010
111111111100010100
111111111100011001
111111111000011001
000000000000000110
000000000110101010
111111111000110000
111111111000000101
000000001101110001
111111111011111010
000000000010001010
111111111011011110
000000000011010110
111111111001111001
111111111011100110
000000000000011101
111111111101101010
000000000101111001
000000000101101001
111111111111000011
111111111100010010
000000000011101010
000000000101001111
111111111100011101
000000000100100100
000000000101000001
111111111111111110
000000000011111001
111111111011100011
111111111010101110
000000001101001000
000000001011100001
111111111010111101
111111111010101110
000000000100100010
000000000010011101
000000000010101000
000000000110110010
111111111110001010
111111111000110100
000000000100001100
111111111011010000
111111111111100111
111111111011101011
111111111101110110
000000000100011010
000000000011110000
000000000011110111
000000000000100011
111111111011110100
111111111111011000
000000000010100010
000000000011111100
111111111110001100
111111111111101111
111111111110011000
111111111001101101
000000000000111110
000000000101000011
111111111100000001
111111111111111000
000000000000011001
000000000010111110
111111111100111101
111111111101111100
000000000100100110
111111111110100101
000000000001111000
111111111110111111
111111111110101110
111111111011010000
111111111001001001
000000000011001100
111111110111101001
000000000110010101
111111111110111111
111111111101011110
000000000001101011
000000000001100001
111111111010011100
111111111101110011
000000000001001101
111111111101011101
111111111101010110
111111111110001110
000000000000100100
111111111111100111
111111111101001100
000000000100011101
111111110111011011
000000000001100100
000000000001111101
111111111110011110
111111111111101101
111111111111111000
000000000000011011
111111111110011110
000000000000101110
111111111111110010
000000000011000010
000000000000110001
111111111101111000
111111111111010010
111111111101100110
000000000000101001
000000000001001101
111111111111110010
111111111011111101
111111111001001110
000000000000110000
111111111100110100
111111111000001100
000000000011101011
111111111100010001
111111111110100111
000000000100100000
111111111010101001
111111111011010101
111111111101011111
111111111111111101
111111111110011101
000000000000110011
111111111110111001
000000000010000100
000000000001111010
000000000010000101
000000000000111111
000000000101000101
000000000011000101
111111111010111100
111111111100100011
111111111111100100
000000000010101100
000000000000011001
111111111101001101
000000000001010101
111111111101010100
111111111111101100
111111111110100000
000000000011001000
111111111010111100
000000000000000100
000000000101000000
000000001010001000
000000000000010111
000000000100111100
000000000011001110
000000000100000001
111111111101010100
111111111111010101
000000000001110001
111111111011111100
000000000010010001
111111111000000000
111111111010010111
111111111101011011
111111111101011111
111111111101011001
111111111101111111
111111111101010101
000000000011110010
000000000110000110
000000000010100010
000000000101110110
000000000110101011
000000000111100110
000000000010101011
000000000100101100
000000000100111100
111111111101111110
111111111000101100
111111111110000011
000000000000100000
111111111101011101
111111111110001011
111111111110000101
111111111101000100
111111111101111010
000000000001010101
111111111111000101
111111111010011010
000000000100111010
111111111011000110
111111111111100110
111111111101101111
000000000001100111
000000000110100010
000000000100111101
111111111110000010
000000000000010001
111111111111111001
111111111110110100
111111111001011010
000000000101010011
000000000001001100
111111111111110100
111111111101111001
000000000000110000
111111111101001111
000000000100011110
000000000100101011
111111111011101011
111111111010010010
000000000100111001
000000000001111101
000000000001100100
000000000000100001
000000000101110001
000000000100001100
000000000100110110
000000000100101000
000000000010100110
111111111101010010
000000000000011111
000000000010111011
111111111001111111
111111111110000010
000000000000110101
111111111110000110
111111111101001011
111111111000100010
111111111100100010
111111111011111111
000000000010000001
111111111101111000
000000000000000101
111111111101100001
111111111110110100
111111111110100110
111111111001101101
000000000001010101
000000000001011101
000000000111110100
000000001000001001
000000000110010010
000000000010011000
000000000110111010
000000000110010001
000000000001101011
000000000010000011
000000000000001001
111111111111111000
111111111001100001
000000000010011000
111111110110111111
111111111101100101
000000000010010001
000000000000011100
000000000110110100
111111111011101010
000000000000001000
111111111111011010
000000000000111101
111111111101100001
111111111111010101
111111111011111010
000000000000010100
000000000001111110
000000000010110110
111111111000111111
111111111101110010
111111111100110110
000000000001101100
111111111111001010
000000000010101011
111111111100001100
111111111110101000
000000000010100000
000000000001000010
000000000011100110
111111111101001101
000000000101101101
111111111100100011
111111111101110100
000000000111100011
000000000000100011
000000000010111011
000000000011101111
000000000100010011
000000000101001011
111111111011100110
000000000010110101
000000000001011010
111111111111101100
000000000000110101
000000000001110011
000000000101001010
000000000001001110
000000000001000100
000000000001001001
000000000001111000
111111111110010011
111111111001000110
000000000110010000
111111111100011101
000000000010101010
111111111100101011
111111111011100001
111111111110010110
111111111110111000
111111111011010000
111111111111011011
111111111110110111
111111111100111101
000000000010101100
111111111101010001
111111111101101011
000000000101010100
111111111011010011
111111110111111001
000000000001101011
111111111111100101
111111111101100100
000000000000000111
111111111101111111
111111111111101000
000000000010111111
111111111111100101
111111111100011100
000000000011001101
111111111010010111
000000000011011110
000000000000000111
000000000000000110
111111111111110001
111111111111110110
000000000000000100
111111111111110101
000000000000001100
000000000000000101
111111111111011110
000000000000000000
000000000000000110
111111111111111101
000000000000000010
111111111111101001
111111111111110000
000000000000000110
111111111111101111
111111111111110010
111111111111111100
000000000000011000
000000000000000110
000000000000010111
000000000000010100
111111111111110111
000000000000001010
000000000000000000
111111111111111110
000000000000000011
111111111111111000
111111111111111011
000000000000000101
000000000000000011
000000000000001011
000000000000010011
111111111111111000
000000000000001001
111111111111111111
111111111111111100
000000000000000001
000000000000000101
000000000000000000
000000000000001000
000000000000000110
111111111111110110
000000000000000100
111111111111101010
111111111111110110
000000000000000100
111111111111111111
000000000000000111
111111111111111100
000000000000001011
111111111111101100
111111111111100001
000000000000010001
111111111111110100
111111111111111001
000000000000000010
000000000000000000
000000000000000000
111111111111111100
000000000000000110
000000000000000000
000000000000001101
111111111111111111
111111111111100010
000000000000010010
000000000000000110
111111111111110010
000000000000000111
000000000000000010
111111111111110011
000000000000001010
000000000000001011
000000000000010100
111111111111111100
111111111111101010
111111111111101111
000000000000001110
111111111111111001
000000000000001010
111111111111111100
000000000000000110
000000000000001001
111111111111111101
000000000000010001
000000000000010110
000000000000010101
000000000000001011
000000000000011111
000000000000000011
000000000000000100
000000000000001001
111111111111111100
000000000000000111
111111111111110101
111111111111111110
111111111111111100
111111111111111101
000000000000010001
000000000000010111
000000000000011110
111111111111111011
111111111111110010
111111111111101101
111111111111101101
111111111111101100
111111111111110110
111111111111111101
000000000000000110
000000000000001110
000000000000010011
000000000000010111
000000000000010110
000000000000000010
000000000000000011
111111111111101010
000000000000001011
000000000000010100
000000000000011000
000000000000001001
000000000000000100
000000000000000010
000000000000001001
000000000000000001
111111111111111110
000000000000010010
000000000000010100
111111111111111111
000000000000001100
000000000000011001
000000000000011101
111111111111111010
111111111111111100
111111111111101100
111111111111110111
000000000000001100
111111111111101111
111111111111110010
111111111111110111
111111111111110000
111111111111111001
000000000000001001
111111111111100110
111111111111101101
111111111111111101
111111111111011001
000000000000000101
111111111111110010
000000000000100001
000000000000000101
000000000000010111
000000000000010101
000000000000000001
000000000000001100
000000000000001011
000000000000000011
000000000000001100
000000000000001011
111111111111110110
000000000000000010
000000000000001011
111111111111110110
000000000000000010
000000000000000111
111111111111111000
000000000000001010
000000000000001011
000000000000010111
000000000000000111
111111111111111101
000000000000000000
000000000000001001
111111111111100011
111111111111111101
111111111111111100
111111111111110011
000000000000000111
111111111111111000
111111111111110100
000000000000001010
111111111111110100
111111111111100101
000000000000001110
111111111111110010
111111111111111111
000000000000001001
000000000000010100
000000000000001111
000000000000000111
000000000000010011
111111111111111011
111111111111111000
000000000000000100
111111111111110010
000000000000000111
000000000000000010
111111111111110101
000000000000010110
000000000000010011
000000000000010001
000000000000010001
000000000000010110
000000000000001011
000000000000001000
111111111111110001
111111111111111011
000000000000000111
111111111111110101
000000000000001111
000000000000010100
111111111111110100
111111111111111100
111111111111110100
111111111111101100
111111111111101110
000000000000000010
000000000000001010
000000000000011001
000000000000000101
000000000000001010
111111111111111000
111111111111111101
111111111111101000
111111111111110111
000000000000101101
000000000000001001
000000000000111100
000000000000001000
000000000000000000
111111111111101111
111111111111111100
111111111111111000
000000000000001000
000000000000001001
000000000000000001
111111111111110111
000000000000001110
111111111111111010
111111111111110001
111111111111110011
111111111111011111
111111111111100001
111111111111111001
111111111111110011
000000000000000011
000000000000001101
111111111111111110
000000000000000001
111111111111100100
111111111111101101
111111111111111100
000000000000001100
000000000000000111
111111111111111111
111111111111111110
111111111111111110
000000000000000111
000000000000000000
000000000000001011
111111111111111010
000000000000001111
000000000000011010
000000000000000101
111111111111111000
111111111111111001
111111111111111001
000000000000000000
111111111111111101
111111111111110000
000000000000011010
000000000000010110
000000000000011100
000000000000000110
111111111111101111
111111111111111110
000000000000000110
111111111111101100
000000000000011100
111111111111110101
000000000000000000
111111111111111010
000000000000000000
000000000000001110
000000000000010101
111111111111101110
000000000000010000
111111111111110000
111111111110101011
000000000000000000
111111111110110101
000000000000000111
000000000001001010
111111111111001000
000000000010011011
000000000000100000
000000000000110100
111111111110110010
111111111110101001
000000000000011010
000000000000000010
000000000000000010
111111111111111111
111111111111111100
000000000000001110
000000000000001001
000000000000001000
111111111111111001
111111111111111101
000000000000001001
000000000000001110
000000000000010000
111111111111111110
111111111111111110
111111111111111100
000000000000001000
000000000000001011
000000000000000001
000000000000000100
111111111111110011
111111111111111011
000000000000001110
000000000000001101
000000000000011100
000000000000101000
000000000000010011
111111111111101111
111111111111111111
000000000110000000
000000000100111111
000000000001100100
111111111111111110
000000000010001110
000000000010110000
000000000101100000
000000000010100101
111111111111111110
000000000000000000
111111111111111011
000000000000001101
111111111111111000
111111111111110000
111111111111111100
111111111111111101
111111111111111111
111111111111111110
111111111111110011
111111111111110010
111111111111100110
111111111111010111
000000000000000111
000000000000000001
111111111111111011
000000000000110111
111111111110101010
000000000011110000
111111111111101010
111111111111011111
111111111111111011
111111111111010111
000000000000001000
000000000000001010
111111111111101001
000000000000101000
000000000000100001
000000000000110011
000000000000100100
111111111111111000
000000000000001000
000000000011110111
000000000100000101
000000000101010111
000000000000000100
000000000000000010
111111111111110111
111111111111111110
111111111111111110
111111111111111000
111111111111110110
000000000000000011
000000000000001010
000000000000001100
000000000000000000
000000000000010000
000000000000110110
111111111111011000
000000000000100110
000000000001100010
000000000000100011
111111111111011111
111111111111111001
000000000000110110
000000000000010000
111111111111110001
111111111111100101
000000000000111100
000000000000001101
000000000000001001
111111111111111001
000000000000001010
000000000000001101
000000000000000011
000000000000000010
000000000000001101
000000000000000100
000000000000000110
000000000000001000
111111111111110010
000000000000000101
000000000000000001
111111111111110110
111111111111111011
111111111111111101
000000000000000000
000000000000000101
111111111111111001
000000000000001100
111111111111111110
111111111111111100
000000000000000001
111111111111111011
111111111111111111
000000000000000011
000000000000000010
111111111111111111
111111111111111010
111111111111111101
111111111111111110
111111111111111011
111111111111111010
000000000000000001
000000000000000010
111111111111111110
000000000000000100
111111111111111101
000000000000001100
111111111111111100
111111111111111011
000000000000000010
000000000000000011
000000000000001001
000000000000000110
000000000000010001
111111111111111110
111111111111111011
111111111111111100
000000000000000000
111111111111111111
000000000000000010
111111111111111010
000000000000000101
111111111111111101
111111111111110100
111111111111111010
111111111111110001
000000000000001010
000000000000000001
111111111111111111
111111111111110110
111111111111111010
111111111111110111
111111111111111101
111111111111111111
000000000000000010
111111111111110100
111111111111110110
111111111111110000
111111111111111010
000000000000000000
111111111111110111
111111111111111111
111111111111111111
111111111111110100
111111111111111011
111111111111111111
000000000000000000
111111111111111011
111111111111110101
000000000000000001
111111111111111011
000000000000000000
000000000000000000
000000000000000000
000000000000000000
000000000000000000
000000000000000000
000000000000000000
000000000000000000
000000000000000000
000000000000000000
000000000000000000
000000000000000000
000000000000000000
000000000000000000
000000000000000000
000000000000000000
000000000000000000
000000000000000000
000000000000000000
000000000000000000
000000000000000000
000000000000000000
000000000000000000
000000000000000000
000000000000000000
000000000000000000
000000000000000000
000000000000000000
000000000000000000
000000000000000000
000000000000000000
000000000000000000
000000000000000000
000000000000000000
000000000000000000
000000000000000000
000000000000000000
000000000000000000
000000000000000000
000000000000000000
000000000000000000
000000000000000000
000000000000000000
000000000000000000
000000000000000000
000000000000000000
000000000000000000
000000000000000000
000000000000000000
000000000000000000
000000000000000000
000000000000000000
000000000000000000
000000000000000000
000000000000000000
000000000000000000
000000000000000000
000000000000000000
000000000000000000
000000000000000000
000000000000000000
000000000000000000
000000000000000000
000000000000000000
000000000000000000
000000000000000000
000000000000000000
000000000000000000
000000000000000000
000000000000000000
000000000000000000
000000000000000000
000000000000000000
000000000000000000
000000000000000000
000000000000000000
000000000000000000
000000000000000000
000000000000000000
000000000000000000
000000000000000000
000000000000000000
000000000000000000
000000000000000000
000000000000000000
000000000000000000
000000000000000000
000000000000000000
000000000000000000
000000000000000000
000000000000000000
000000000000000000
000000000000000000
000000000000000000
000000000000000000
000000000000000000
