000000000001010111
000000000000010011
111111111100000111
111111111110010100
000000000001111000
111111111011100100
000000000000100101
000000000110101111
000000000000000101
111111110111001011
111111010101101110
000000000010101100
000000001000001000
000000000000000001
000000000011010010
000000000010100101
111111100010001111
000000000000001010
111111111000000101
111111111011011010
000000000001001001
111111111011011101
000000000010010000
111111111100110001
111111111111110001
000000000011011100
000000000001001110
111111011000101100
111110111111100111
111111110110111100
111111111101111001
111110111010111011
111111100100110111
111111010011101101
111111010101101001
111111101100010010
111111110011001010
111111110101011011
111111111100111010
000000000100111010
111111111100010101
000000000111001000
000000000110110010
111111111011001011
111111110110000110
000000000101000111
111111111011110110
000000000101111100
111111111110101010
111111111010100111
000000000110001001
000000000110110010
111111111000111100
000000000000101111
111111111110111011
111111111111000000
111111111100001000
000000000000101111
111111111110001100
000000000011000101
111111111010110100
111111111101000100
000000000001010001
000000001001101101
000000000001111011
000000000100100101
000000000010010001
000000000001100110
111111111110011000
000000000001100111
111111111110001001
111111110011111101
000000001100101101
000000000010110110
111111111110110101
111111111101010111
000000000111110001
000000000011010111
111111111110101100
000000000001000100
000000000011100001
000000000001110010
111111111111100110
111111110110110011
111111111110100000
111111111010111111
111111111101011001
000000000000010011
111111111111011101
000000000000001001
000000000100011101
000000000110110000
000000000011010000
000000000100011100
000000000101110111
000000001000010011
111111111110101110
000000000010011011
111111111110011011
000000000010111010
111111111110011001
111111111101011101
111111111110011101
000000000001001001
000000000110000101
111111111010101000
000000000101111111
111111111100100110
111111111101101010
000000000110000111
111111111110000101
000000000100110100
111111111110111010
111111111100101110
000000000000111101
111111111110010011
000000000110001111
000000000000100011
000000000100110010
111111111001100000
111111111111110011
111111111111110101
111111111010100101
111111111010011000
000000000101100011
000000000010110000
111111111001110101
000000000100010101
000000000011011001
111111111110000110
000000000100010010
111111111010101111
000000000000001010
111111111101000000
111111111110001001
111111110111011000
000000000001101001
000000000001001010
000000001010101110
000000000011001110
000000000111000101
111111111111000110
000000000011011001
000000000110011100
000000001010101010
111111111100010000
000000001011001110
000000000010010101
111111111110001110
000000000011011010
111111111010111101
111111111110010110
111111111011101010
000000000101010100
000000000100110010
000000000001011010
111111111011001101
000000000100111000
111111111101011100
000000000101011000
111111111011000111
000000000100101000
111111111001100000
000000000011101010
000000000001010010
111111111111000000
000000000100010011
111111111101101111
111111110101001000
111111111011010111
000000000110100010
111111110101101111
000000000011000000
000000000000001111
111111111110110010
111111111101011001
111111111010010110
111111111010000010
111111111100001010
000000001000000111
000000000000010111
111111111100010111
000000000011000001
111111111111110011
000000000011000001
000000000010101011
111111111101001100
000000000011010100
111111111110000001
000000000000010111
111111111110011010
111111111011010010
000000000010010010
111111111101101000
111111111001001000
111111111000111010
000000000000100000
111111111011101001
000000000100000001
000000000011001000
111111111100100100
111111111101001010
000000000100100111
000000000100111110
111111110111010011
111111111010110101
000000000010010010
000000001010010100
000000001001011010
000000000110110001
000000000100111000
000000001011010011
000000001010110011
111111111111100000
000000000001010011
000000000010000000
111111111110101100
000000000111001000
000000000111110000
000000000101011110
000000001000100100
000000000010000111
000000000001100110
000000000110011111
000000000111010001
111111111011011100
111111111100110011
000000000000110010
111111111100101110
000000000100010110
000000000001010000
111111111000100011
111111111101011010
000000001000001011
111111111111101100
111111111100011001
111111111100010110
111111111111111001
111111111000101011
000000000010100011
000000000100101110
111111111111111110
111111110101000111
111111111111000101
000000000000001111
000000000000010011
000000001010010111
000000000001101111
111111111100001000
111111110111000100
111111111101000101
111111111001110110
111111111101111100
000000000000110101
111111111011101001
111111111100000010
000000000010111111
111111111011100011
111111111111010100
111111110011000100
111111111111100101
000000000010010110
111111111100111111
000000000111000110
000000001000101001
111111111001110010
000000000001001110
111111111000000111
111111111110001110
000000000001100101
111111111100101001
000000000001000110
000000000011110111
000000000000000101
111111111111111100
000000000100101011
000000000010011010
000000000110110101
111111111001110010
000000000001100010
000000000001010110
000000000010011101
111111111110001010
111111111101101000
000000000100101110
111111111011100011
000000000001010110
000000001000000111
000000000010010111
000000000000100100
000000000001001101
111111111011111000
111111111100010101
000000000001111101
111111110101101011
000000000010010001
111111111100101100
111111111011100101
111111111111101110
000000000010010110
111111111001111001
000000001001110010
111111111111110101
111111111000000011
111111111100101011
000000001000001010
111111111011101001
111111111010101000
111111111110011100
111111111101100011
000000000010100111
000000000001100111
000000000110111010
000000000010111001
000000000010010110
000000000000101001
000000000000010000
000000000100001001
111111111110101011
000000000100110011
111111111110010001
000000000101011110
000000000001111011
000000000010101100
000000000000011001
000000000110101010
000000000101100110
000000000000110000
111111111110001001
000000000011001100
111111111110001101
000000000011000001
000000000011011010
111111111110110000
000000001100000011
000000000011010101
111111111101111110
111111110011111111
000000000000101010
000000000000011001
000000000001000101
000000000010111000
000000001001100011
000000000111111001
000000000010001011
111111111101011100
000000000000111000
111111111110101101
000000000010011000
111111111011100101
111111111110100001
000000000100100110
111111111101011000
111111111111000111
000000000110111000
000000000000101111
111111111101110000
111111111100110000
000000000011100001
000000000000100110
111111110111001100
000000000000100100
111111111001111001
000000000010001100
000000000011101000
000000000100010101
000000000101111011
111111111101010011
111111111011001100
000000000101101001
000000000000000100
111111111011000100
000000000100110001
000000000010001010
111111111111000100
000000000011100011
111111111101011001
111111111011111101
111111110111110011
000000000001110001
111111111001101101
000000000101111001
000000000000101101
000000000010101001
000000000010010001
000000000011110111
000000000101110100
111111111011000011
111111111000110011
000000000001010011
111111111110000110
000000000101000111
000000000110010000
000000000011111100
000000000010010011
000000000010111011
111111111001101000
111111110101001000
111111111011101001
000000000010111000
111111111101111101
000000000001001111
000000000100010001
111111111011000110
000000000000110010
000000000010100000
000000000100100110
111111111110101100
000000000001001011
000000000011001001
111111111110001010
111111111000100110
111111110011000011
111111111001000000
111111111010011010
000000000010110100
111111111110101101
000000000100100011
111111111101101110
000000000110110111
111111111100111111
000000000001000001
111111111100001000
111111111011110111
111111111001110010
111111111001001110
111111111011100100
111111111011001111
111111111010100101
000000000011110101
000000001000000110
000000000100000100
111111111101110110
000000000001100101
111111111110010010
000000000101000111
000000000100011001
111111111110101010
000000000011111010
000000001000010011
000000000101100010
000000000010011111
111111111001101010
111111111011110010
000000000000001000
000000000100000011
111111111001000100
000000000000110100
000000000001110010
000000000101010101
000000000000111110
000000000001001011
000000000010111010
000000000001110000
000000000000110011
000000000011010000
000000001000100011
000000001001110101
000000001110101110
000000000001110010
111111111111001101
000000000010111100
111111111110111110
111111111111011001
111111111101001110
111111111011100001
111111111011000110
000000000001100011
111111111000101111
111111111110011000
111111111111100110
000000000010111010
000000000011111011
000000000010100010
111111111101101100
111111111110100111
000000000001110000
111111111111001000
111111111011000101
111111111111001100
000000000010000100
111111111100011110
111111110111010000
000000000010110001
000000000000111010
000000001010110001
111111111011001110
111111111011000110
000000000101101011
111111111111001001
111111111101001101
111111111110001111
000000000111110010
111111111000110101
000000000010100011
111111111110110100
111111111111011011
111111111101001011
111111111000110000
000000000011100101
111111111111111101
000000000010011010
000000000111111100
000000000011101010
111111111100100010
111111111111000000
000000000000100010
000000000011000011
000000000000100011
000000000111001011
111111111101110111
000000000000101100
111111111010010010
000000000100110100
111111111101100001
000000000010100011
111111111010110000
111111111100100111
000000000001000110
000000000010110011
000000000000111010
000000000111100000
111111111111001110
111111111111101010
111111111110110101
000000001010111100
000000001010011001
000000000110001010
000000000111010101
000000000000010101
000000000101101101
000000000000011010
111111111100110000
000000000100010110
111111111111011100
000000000100001001
111111111111110001
111111111001101111
111111110111011110
000000000101110001
111111111001000011
111111111010100010
111111111111010000
000000000101110110
000000000000100001
000000000000110011
111111111101111001
000000000100001010
000000000001111101
000000000100000110
111111111001001100
111111111110111000
111111111001110100
111111111100001101
000000000001111111
000000000100000101
000000000100001011
111111111111111011
000000001000010101
000000000010000111
111111111111101001
000000001000110111
000000000001011111
000000000000100001
111111111110001101
000000001001100111
111111111100011101
000000000010001001
000000000010111111
111111111001110001
000000000110010011
111111111110110010
000000000011101001
111111111100000000
111111111111000100
000000000001101010
000000000100100011
000000000110001011
111111111110101100
000000000010011011
111111111010000100
111111111001011000
000000000010100000
000000000101100001
111111111110001010
111111110011000110
111111111000001000
111111110111101011
000000000010010100
000000000010100110
111111111001001000
000000000000101110
111111111110000111
111111111011100111
000000000001001111
000000000010001001
111111111111011101
000000000110111100
000000000010010010
111111111110001101
111111111100010011
111111111101101111
000000000001000001
000000000100000000
000000000010111100
000000000111100010
000000000011101111
000000000010101101
000000000010111010
111111111010111010
111111111100010101
000000000010111111
111111111111110101
111111111111111001
111111111111101000
000000000000000000
111111111111111000
111111111111110010
000000000000010111
000000000000001110
111111111111111011
111111111111100110
111111111111111011
111111111111100000
111111111111110101
111111111111110001
111111111111111100
000000000000001010
111111111111111100
000000000000000000
000000000000000000
000000000000001011
000000000000001010
000000000000000010
000000000000001111
111111111111101010
111111111111110110
111111111111110111
111111111111111010
111111111111111110
000000000000001011
000000000000001001
111111111111111011
000000000000000010
000000000000001110
111111111111110000
111111111111110101
111111111111101111
000000000000001010
000000000000000101
000000000000000011
111111111111111111
111111111111111011
111111111111111010
111111111111111000
111111111111111000
000000000000000110
000000000000001011
000000000000000011
000000000000000000
111111111111111111
111111111111111110
000000000000000001
000000000000000110
000000000000000001
000000000000000011
000000000000001100
000000000000001001
111111111111111001
000000000000001011
000000000000000100
000000000000000100
000000000000000100
000000000000010010
000000000000010011
000000000000001000
000000000000001110
000000000000001001
000000000000001000
000000000000001111
111111111111111000
111111111111111000
000000000000001100
111111111111110110
000000000000010001
000000000000001100
111111111111111100
000000000000001100
000000000000000110
111111111111111100
000000000000001001
111111111111110100
000000000000000100
111111111111111000
111111111111111101
000000000000000010
000000000000000101
000000000000000010
000000000000000111
000000000000000110
000000000000000000
000000000000000111
111111111111110111
111111111111111011
111111111111101001
111111111111111101
111111111111111010
111111111111111000
000000000000000000
111111111111111111
000000000000000001
111111111111101111
111111111111111110
000000000000000101
111111111111111011
111111111111110011
111111111111111011
111111111111111100
111111111111111010
111111111111111000
000000000000000001
111111111111111001
111111111111101110
000000000000000001
000000000000001000
000000000000000000
111111111111111100
000000000000001010
000000000000001100
111111111111110000
000000000000000110
000000000000001000
000000000000000101
000000000000001011
000000000000001001
000000000000000110
000000000000000001
000000000000001010
000000000000000101
000000000000000000
111111111111111111
111111111111111101
000000000000000111
111111111111111001
000000000000001010
000000000000001010
000000000000000010
111111111111111111
000000000000000000
111111111111111110
000000000000001101
111111111111111001
000000000000000010
111111111111111011
000000000000000110
111111111111111000
000000000000011000
111111111111101100
000000000000111001
000000000000001000
000000000000001010
000000000000001000
000000000000011010
111111111111110101
000000000000100001
000000000000000000
000000000000010111
000000000000001100
111111111111110000
000000000000000000
000000000000011001
111111111111111110
111111111111111101
000000000000000111
111111111111111100
000000000000001010
111111111111111101
000000000000000111
111111111111111001
000000000000000001
111111111111111100
111111111111111011
000000000000010111
111111111111111010
111111111111110101
111111111111110001
111111111111111100
000000000000000110
111111111111110010
111111111111111110
111111111111110000
000000000000000101
000000000000000010
111111111111110000
111111111111110110
000000000000001111
000000000000001010
111111111111110100
000000000000000101
111111111111110111
111111111111111110
000000000000000010
111111111111111111
000000000000001010
000000000000000011
111111111111111011
000000000000001010
000000000000000101
000000000000001110
111111111111111111
000000000000010011
000000000000000111
000000000000000011
111111111111111110
000000000000000110
111111111111110101
111111111111111100
000000000000010000
000000000000011010
111111111111110101
000000000000000101
111111111111110100
111111111111111010
000000000000000000
111111111111110011
000000000000000000
111111111111101011
000000000000000100
111111111111110111
111111111111111011
000000000000001010
000000000000000000
111111111111110011
111111111111111110
000000000000010000
111111111111111011
111111111111111111
000000000000000000
111111111111111101
000000000000010100
111111111111111001
111111111111111100
111111111111110101
111111111111101110
111111111111101011
111111111111100111
000000000000000000
000000000000000110
111111111111101010
000000000000000011
000000000000001000
111111111111111110
111111111111110010
000000000000000000
111111111111111011
111111111111111110
111111111111110101
111111111111111000
000000000000000000
111111111111111001
111111111111111111
111111111111111010
000000000000001000
000000000000000001
000000000000000101
000000000000000001
000000000000001001
000000000000000100
000000000000000000
111111111111111010
000000000000000011
111111111111110010
111111111111111110
111111111111111110
111111111111111100
000000000000000110
111111111111111101
000000000000000111
111111111111111000
111111111111111100
111111111111111010
000000000000000010
000000000000000010
111111111111110001
111111111111101100
000000000000001000
000000000000001011
111111111111111100
000000000000000111
000000000000001010
000000000000000011
111111111111111111
000000000000001000
000000000000000011
000000000000010000
000000000000000101
111111111111111111
000000000000010011
000000000000000011
111111111111110110
111111111111110111
000000000000010101
111111111111111101
000000000000001110
000000000000001101
000000000000010110
111111111110111001
000000000001010010
111111111111011001
000000000001100111
111111111111101100
111111111110111010
000000000000000000
111111111111110111
111111111111111010
111111111111111000
111111111111110111
000000000000000000
111111111111111110
111111111111111010
111111111111111010
111111111111111110
000000000000000110
000000000000001011
000000000000000001
000000000000000000
000000000000000011
111111111111111101
000000000000000010
111111111111110111
111111111111111111
000000000000001000
111111111111111001
111111111111111000
000000000000000000
000000000000001000
111111111111111100
111111111111100110
111111111111110111
111111111110101100
000000000001110100
000000000011100101
000000000010110001
000000000001000001
000000000001100010
000000000011010010
000000000010011100
000000000010111100
000000000000000011
000000000000000100
000000000000000100
000000000000000001
111111111111111110
000000000000000000
111111111111111111
111111111111110111
000000000000000000
000000000000000011
111111111111111110
111111111111111111
111111111111100101
000000000000001101
000000000001101011
000000000000101001
000000000000010110
111111111111110110
111111111111001111
000000000011101000
111111111111111101
111111111111001111
000000000000010010
000000000000100100
111111111111111001
111111111111101000
000000000000101100
000000000000000010
111111111111110010
111111111111101010
000000000010110110
000000000000111110
000000000001110100
000000000011100000
000000000100110101
000000000011010111
111111111111111010
111111111111111011
111111111111111101
000000000000001100
000000000000000100
111111111111111110
111111111111111110
000000000000001010
000000000000000111
111111111111111100
111111111111111011
000000000000000010
111111111111010001
111111111111111010
111111111110110010
000000000001000001
000000000001000000
000000000000000100
111111111110110011
111111111111100000
111111111110101110
000000000000101011
000000000000011010
000000000000101110
111111111111111111
111111111111110001
111111111111111010
111111111111111011
111111111111111001
000000000000000011
111111111111111111
111111111111111010
111111111111111100
111111111111111110
111111111111111000
000000000000000000
111111111111111110
000000000000000011
000000000000000011
111111111111111010
111111111111111010
111111111111111110
000000000000000000
111111111111111110
111111111111110001
000000000000000011
111111111111111011
111111111111111011
000000000000000111
000000000000000011
000000000000000011
000000000000000000
000000000000000110
000000000000000011
000000000000000101
000000000000000101
111111111111111011
111111111111111111
000000000000001000
000000000000001011
000000000000000011
000000000000000010
000000000000000101
000000000000000110
000000000000000101
111111111111111100
111111111111111100
000000000000001001
111111111111111000
111111111111111111
000000000000000011
000000000000001010
000000000000000000
000000000000000101
000000000000000101
111111111111111101
111111111111111111
111111111111111101
000000000000001001
000000000000000001
000000000000001111
000000000000001011
000000000000000001
111111111111111100
111111111111111101
000000000000001000
000000000000000101
111111111111111101
000000000000001000
000000000000000100
111111111111111110
111111111111111111
111111111111111101
000000000000000011
000000000000001000
111111111111111001
000000000000000001
000000000000000110
000000000000000010
000000000000000000
111111111111111101
000000000000000010
000000000000000010
111111111111111010
111111111111111010
000000000000000000
000000000000000000
111111111111110111
