111111111100011010
000000000100111100
000000000110001110
000000000100000110
111111111111011011
111111111111000010
000000000001000110
111111111110110100
000000000110000100
111111111111011001
111111110100000111
111111000100111011
000000000010010111
000000001010011111
111111111110011101
000000000000001000
000000000000101011
111111011001001000
111111111100110000
000000000010001100
111111111110100110
111111111111000010
111111111010010101
000000000000001001
111111111100001111
111111111111111101
000000000100010101
111111110110110101
111111100011111000
111111001001101101
000000000100000100
111111101001110100
111111011010111000
111111110110011101
111111010111010100
111111100001011001
000000000000000000
000000000000000000
000000000000000000
000000000000000000
000000000000000000
000000000000000000
000000000000000000
000000000000000000
000000000000000000
000000000000000000
000000000000000000
000000000000000000
000000000000000000
000000000000000000
000000000000000000
000000000000000000
000000000000000000
000000000000000000
000000000000000000
000000000000000000
000000000000000000
000000000000000000
000000000000000000
000000000000000000
000000000000000000
000000000000000000
000000000000000000
000000000000000000
000000000000000000
000000000000000000
000000000000000000
000000000000000000
000000000000000000
000000000000000000
000000000000000000
000000000000000000
000000000000000000
000000000000000000
000000000000000000
000000000000000000
000000000000000000
000000000000000000
000000000000000000
000000000000000000
000000000000000000
000000000000000000
000000000000000000
000000000000000000
000000000000000000
000000000000000000
000000000000000000
000000000000000000
000000000000000000
000000000000000000
000000000000000000
000000000000000000
000000000000000000
000000000000000000
000000000000000000
000000000000000000
000000000000000000
000000000000000000
000000000000000000
000000000000000000
000000000000000000
000000000000000000
000000000000000000
000000000000000000
000000000000000000
000000000000000000
000000000000000000
000000000000000000
000000000000000000
000000000000000000
000000000000000000
000000000000000000
000000000000000000
000000000000000000
000000000000000000
000000000000000000
000000000000000000
000000000000000000
000000000000000000
000000000000000000
000000000000000000
000000000000000000
000000000000000000
000000000000000000
000000000000000000
000000000000000000
000000000000000000
000000000000000000
000000000000000000
000000000000000000
000000000000000000
000000000000000000
000000000000000000
000000000000000000
000000000000000000
000000000000000000
000000000000000000
000000000000000000
000000000000000000
000000000000000000
000000000000000000
000000000000000000
000000000000000000
000000000000000000
000000000000000000
000000000000000000
000000000000000000
000000000000000000
000000000000000000
000000000000000000
000000000000000000
000000000000000000
000000000000000000
000000000000000000
000000000000000000
000000000000000000
000000000000000000
000000000000000000
000000000000000000
000000000000000000
000000000000000000
000000000000000000
000000000000000000
000000000000000000
000000000000000000
000000000000000000
000000000000000000
000000000000000000
000000000000000000
000000000000000000
000000000000000000
000000000000000000
000000000000000000
000000000000000000
000000000000000000
000000000000000000
000000000000000000
000000000000000000
000000000000000000
000000000000000000
000000000000000000
000000000000000000
000000000000000000
000000000000000000
000000000000000000
000000000000000000
000000000000000000
000000000000000000
000000000000000000
000000000000000000
000000000000000000
000000000000000000
000000000000000000
000000000000000000
000000000000000000
000000000000000000
000000000000000000
000000000000000000
000000000000000000
000000000000000000
000000000000000000
000000000000000000
000000000000000000
000000000000000000
000000000000000000
000000000000000000
000000000000000000
000000000000000000
000000000000000000
000000000000000000
000000000000000000
000000000000000000
000000000000000000
000000000000000000
000000000000000000
000000000000000000
000000000000000000
000000000000000000
000000000000000000
000000000000000000
000000000000000000
000000000000000000
000000000000000000
000000000000000000
000000000000000000
000000000000000000
000000000000000000
000000000000000000
000000000000000000
000000000000000000
000000000000000000
000000000000000000
000000000000000000
000000000000000000
000000000000000000
000000000000000000
000000000000000000
000000000000000000
000000000000000000
000000000000000000
000000000000000000
000000000000000000
000000000000000000
000000000000000000
000000000000000000
000000000000000000
000000000000000000
000000000000000000
000000000000000000
000000000000000000
000000000000000000
000000000000000000
000000000000000000
000000000000000000
000000000000000000
000000000000000000
000000000000000000
000000000000000000
000000000000000000
000000000000000000
000000000000000000
000000000000000000
000000000000000000
000000000000000000
000000000000000000
000000000000000000
000000000000000000
000000000000000000
000000000000000000
000000000000000000
000000000000000000
000000000000000000
000000000000000000
000000000000000000
000000000000000000
000000000000000000
000000000000000000
000000000000000000
000000000000000000
000000000000000000
000000000000000000
000000000000000000
000000000000000000
000000000000000000
000000000000000000
000000000000000000
000000000000000000
000000000000000000
000000000110101110
111111111011101000
000000000001001101
111111110101110001
111111111111001111
000000000011101110
000000000110000011
111111111101111011
111111111100000000
111111111101110101
111111110110010111
000000000001011100
000000000000000100
000000000011111111
000000000100100010
000000000001000011
111111111011010010
111111111001111010
000000000101010000
111111111010101100
111111111011001000
000000000100010001
000000000000000101
111111111011000011
111111111110101011
111111111110101110
111111111100011110
111111111001111001
000000000000010110
000000001001001010
111111111010111100
111111111010111001
111111110001000011
111111111010100110
111111111101101011
111111111111001110
111111110010101000
111111111111010101
111111111101010101
000000001010100010
000000000101011100
000000000111011110
000000000001110100
000000000000101111
000000000010001001
111111110110001010
000000000001011101
111111111011011001
000000000011111011
000000000001010000
111111111101001000
111111111100110001
000000000011001010
000000000111010000
000000000000110010
000000000100111100
000000001010001110
111111111110110101
000000000110101110
000000000001111110
000000001010000111
000000000011100111
000000000001001110
000000000000011001
111111111101001111
000000000011101101
000000000001001000
111111111010010011
000000001000010001
111111111101111110
000000000010010101
000000000100010101
111111111101110110
111111111110111011
111111111011100101
000000000010010001
000000000001111001
000000001000110000
000000000100100011
000000000011011110
000000000110110110
111111111011110100
111111111010011110
000000000001110101
111111111101111101
111111111101010000
000000000000110000
000000000001010001
000000000100110101
000000000110111100
111111111110001000
000000000001110011
000000000000000011
111111111011110000
000000000111111100
111111111100110111
111111111011001011
000000000000000101
000000000011101000
111111111111101001
111111111110000100
111111111011100110
000000000100110011
000000000111000100
111111111100010111
000000000111011010
000000000110100101
000000000110001101
111111111110111000
111111111110101100
111111111101100101
000000000011000111
111111111010010101
000000000001101110
111111111101100000
111111111011011101
000000000001100000
111111111001001001
000000000001110101
000000000110010110
111111111001010110
000000000101100010
111111111101000011
111111111111101010
000000000011101011
000000000100111010
111111111010000111
111111111100110100
000000000110000011
111111111110100100
000000000101001001
000000000010111111
000000000100001010
111111111110101110
000000000000011010
111111111010110011
000000000001011000
111111111110001010
000000000001100101
000000000000000100
000000000010011100
000000000010010100
111111111001011011
000000000001000001
111111111110000101
111111111110011001
000000001001111111
111111111000001101
000000000010001101
111111111101011010
000000000110111110
111111111001010011
111111111100100111
111111110010000100
111111110011100001
000000000010101001
000000000001100110
111111111111100001
111111111011011000
000000000101010110
000000000100101000
000000001101101000
111111111110010000
000000000001000101
000000000100111010
111111111000011100
111111111001011011
111111111010011111
000000000111011100
000000000001101110
000000000100110010
111111111101101110
000000001000101010
000000000110010010
000000000110000111
000000000010111010
000000001011001010
000000000110011001
000000000011011100
000000000110110110
000000000001010000
000000000100111101
000000000110011011
000000000011100100
000000001010000000
000000000100011101
111111111101011001
000000000011000110
000000000011100101
000000001010100011
111111111100010011
111111111100001111
000000000001001110
000000000101111111
000000000010110010
111111110111001110
000000000000011100
111111111111100100
000000000101111011
000000000001100111
000000000000100000
111111110001110111
000000000001111111
111111111100101010
111111111110111100
000000000100100110
111111111111111101
111111111100101110
000000000001001000
111111111101011011
111111111110111100
111111111010001010
111111111100010000
000000000101011010
000000000111111001
000000000011100010
000000000000011100
000000000111100110
000000000010111000
111111111100101000
000000000000000110
000000000000001000
111111111001110010
111111111111110101
111111111100111111
000000000001111100
111111111011110110
000000001101110000
111111111111000011
111111111101001001
111111111011111111
000000000100000000
000000000000110110
111111111011101111
111111110110101010
000000000100101101
000000000001100111
111111111010101100
000000000001001110
111111111111101111
000000000001111000
000000000110110001
000000000010100011
111111110110001111
000000000110101010
111111111011110100
000000000111100110
111111111101101111
000000000100110001
111111111101101011
111111111101111101
111111111101101001
000000000000000111
111111111011011010
111111111001000111
000000000001101111
111111111111101011
111111111000000000
111111111011000101
111111111001010110
111111111111111011
000000000111000100
111111110111111010
111111111101010011
111111111110100001
111111111110100000
000000000001100110
000000000000000011
000000000110011110
111111111101111000
000000000011101100
111111111111000011
000000000001100101
111111111000011011
111111111100100010
111111111110011100
111111111110000000
000000001010100110
000000000110110001
111111111101000100
000000000001111110
111111111010111011
111111111011001100
000000000100110010
111111111110111100
111111111111000000
000000000001011110
000000000110011000
111111111110000100
000000000100001111
111111111011000101
111111111110110110
111111111111110011
000000000011000011
111111111101100111
111111111101100101
000000000100111110
000000000110110101
000000000000110000
000000000000000011
111111111011101001
000000000011011010
000000000001100001
000000000000000010
000000000011111111
000000000011001111
000000000000011011
000000000001000101
111111111110101100
111111111110110110
000000000001000010
111111111100011001
000000000001001010
111111111100101010
000000000001010110
111111111001010000
111111111000100011
000000000000000001
111111111010100110
000000000010111000
000000000010101101
111111111001101101
000000000101001001
111111111111010010
000000000010101010
000000000010111001
000000000001110110
000000000000100100
111111111011011010
111111111110001001
111111111111100011
000000000000100100
000000000010101110
000000000000110110
111111111101001001
111111111110001000
111111111101001110
000000000100000100
111111111100001101
111111111101100000
000000000101010001
000000000100001011
111111111101011101
111111111111011001
000000000010000100
000000000000111000
000000000101101000
000000000011010111
111111111100101000
000000000000010001
000000000001000011
111111111110101011
000000000100011010
000000000011101110
000000000101111001
000000000011101000
111111111111001100
111111111111100000
111111111110001100
000000000010100011
000000000100111001
000000000001001110
111111110111011100
111111111011100001
000000000001011011
111111111101111100
000000000010011001
000000000000000011
000000000001010101
000000000010111001
000000000001000101
000000000011001000
000000000101100101
111111111101001100
000000000001001111
000000000101111110
111111111111011111
111111111111100010
111111111100001110
000000000010011010
111111111001111000
000000000000011010
111111111011100010
000000000011101010
111111111111001111
111111111101001111
000000000101100101
111111111110010011
111111111111001100
111111111001100111
000000000110100111
111111111110101110
111111111100001000
111111111111111100
000000000001101010
000000000110110100
000000000001010100
111111111110000100
000000000001100100
000000000010011000
111111111110000101
111111111111100100
000000000001010001
000000000100001010
000000000000000101
000000000001010000
111111111000110001
000000000001101000
000000000010010011
000000000010101110
111111111111100101
000000000000101011
000000000000110110
000000000000101111
000000000100101100
000000000110000111
000000000110000010
000000000100010100
000000000010010000
000000000101001011
000000000011101000
000000000010110011
000000000010011101
111111111011001010
000000000000110100
111111111010111101
000000000101001111
111111111111101011
111111111011011110
000000000000011000
111111111101110111
000000000011010110
000000000000001100
111111111001111111
000000000001111010
000000000110010110
000000000110001000
000000000010101111
000000000010110110
111111111110110100
111111111110010000
000000000000000011
000000000011110110
111111111100000000
000000000011001110
000000000001111010
000000000001101010
111111111010110100
111111111101001001
000000000010010001
111111111011000000
000000000101001111
111111111100001110
111111111100100110
000000000011101110
111111111111101111
000000000000000011
111111111101011011
000000000100011111
000000000011010101
000000000011010000
111111111110110100
111111111100110011
111111111100110010
111111111101001101
111111111111001001
000000000000011101
111111111001111010
111111110110110010
111111111111101100
111111111011001001
111111111101000110
000000000000110000
000000000001000111
000000000011110000
111111111001100001
111111111110000100
000000000110110011
111111111011000110
000000000101111010
000000000011111101
111111111110000101
000000000011110011
000000000100001100
000000000001111111
000000000010110111
000000000101011111
000000000100010111
000000000100010001
000000001000011010
000000000100100101
111111111111010100
000000000111110100
000000000011111001
000000000000010011
111111111110101110
000000000001111000
111111111100100011
111111111101101100
000000000001001011
111111111111000011
000000000000010011
111111111101100111
000000000000001100
000000000100000010
000000000100101110
111111111001000010
111111111100011001
000000000001110000
111111111110001110
000000000001011101
111111111100000010
111111111011000011
111111111110110010
000000000011000110
000000000001111110
111111111110111111
000000000000100111
000000000000010001
000000000001101110
111111111100001011
000000000010110010
000000000010101110
000000000000101100
000000000001110110
000000000001111101
000000000000001101
111111111111111011
000000000100110110
000000000001101101
111111111011001010
000000000001010011
000000000010001100
000000000011001010
000000000000010000
000000000100011100
000000000001011111
000000000000100110
111111111111101101
000000000011110101
000000000000010000
111111110101010111
000000000010001000
000000000000111110
000000000000100100
000000000011010000
111111111111010000
111111111110000011
111111111111010010
000000000001001010
000000000101111000
111111111100110000
111111111111001010
000000000000010010
111111111001001110
111111111110110010
111111111000111110
000000000011101100
000000000010101111
000000000010011101
000000000000000110
000000000011101100
111111111111101111
000000000101010010
111111111110110100
000000000010011111
111111111111010100
000000000000001000
111111111001101110
111111111111011100
000000000010010010
111111111101111100
111111111111000010
000000000010010100
000000000000010100
111111111111010001
111111111111110100
111111111111110110
000000000000000100
000000000000000011
111111111111110101
111111111111110100
111111111111110101
111111111111111111
000000000000001000
000000000000000101
000000000000000100
000000000000001101
111111111111101100
111111111111110101
111111111111111101
000000000000000101
000000000000000001
111111111111111000
000000000000001101
000000000000010010
111111111111111101
000000000000000011
000000000000000001
111111111111110111
000000000000000100
111111111111111101
000000000000001000
111111111111110001
000000000000000100
111111111111111011
111111111111111000
111111111111111111
111111111111111000
000000000000001110
111111111111110111
000000000000001100
111111111111110010
111111111111111101
000000000000001000
000000000000001011
000000000000000011
000000000000001010
000000000000000001
000000000000000110
111111111111111000
000000000000001001
111111111111110011
111111111111101101
000000000000001011
000000000000001000
000000000000000111
111111111111111110
111111111111110110
111111111111110011
111111111111111011
000000000000000000
111111111111111010
111111111111101000
111111111111101101
111111111111110110
111111111111110010
000000000000000110
111111111111111000
111111111111111011
000000000000000110
111111111111101101
000000000000010010
111111111111111011
111111111111011010
111111111111101100
111111111111110100
111111111111111110
111111111111111000
111111111111101111
111111111111111100
111111111111111000
111111111111110110
000000000000000100
000000000000001111
000000000000010101
111111111111111001
111111111111011000
111111111111110000
000000000000000101
111111111111110110
111111111111101101
000000000000000110
111111111111111011
111111111111110111
000000000000001111
111111111111101110
111111111111110000
111111111111100110
111111111111101011
111111111111101010
111111111111101111
111111111111111001
000000000000001100
000000000000000001
000000000000010001
000000000000100001
111111111111110101
111111111111101101
111111111111110110
111111111111101011
111111111111111010
111111111111110110
111111111111111100
111111111111110010
111111111111110100
111111111111111101
111111111111111101
111111111111111011
000000000000000110
000000000000000001
000000000000000111
111111111111111111
000000000000000100
000000000000000100
111111111111111011
111111111111111101
111111111111111011
000000000000001100
111111111111111100
000000000000000100
111111111111111011
000000000000001110
000000000000000001
000000000000011001
111111111111111110
000000000000000110
000000000000000010
111111111111110101
111111111111110010
111111111111110100
000000000000010100
000000000000010000
111111111111111011
111111111111110100
000000000000001000
111111111111110100
111111111111110110
111111111111110001
111111111111101100
000000000000000101
111111111111111100
000000000001000011
000000000000011110
111111111111111000
000000000000011111
000000000000011011
000000000000001111
000000000000000000
000000000000001001
111111111111110111
111111111111111001
000000000000000110
000000000000000101
000000000000000000
111111111111110110
111111111111111111
000000000000011001
000000000000000100
000000000000000010
000000000000000011
111111111111111110
111111111111111001
000000000000001001
000000000000001101
111111111111111101
000000000000000100
000000000000011000
000000000000001011
000000000000001001
111111111111110000
000000000000000001
111111111111101001
111111111111101101
111111111111111000
111111111111101110
111111111111110001
111111111111111010
111111111111110011
111111111111111000
111111111111101110
111111111111101010
000000000000011110
000000000000001010
111111111111111000
000000000000000011
000000000000010000
000000000000001000
111111111111101101
111111111111110010
111111111111011001
000000000000000011
000000000000001001
111111111111111010
111111111111111100
111111111111110001
111111111111110100
111111111111111010
111111111111111010
000000000000011001
111111111111111010
111111111111101111
000000000000001110
000000000000000010
111111111111110101
111111111111101010
111111111111111100
111111111111101101
111111111111111111
111111111111111100
000000000000000011
111111111111111010
000000000000000111
000000000000010001
000000000000010010
000000000000001100
111111111111101001
111111111111110110
111111111111110111
111111111111110001
111111111111101100
000000000000001001
000000000000010010
111111111111000000
000000000000001011
111111111111111010
111111111111110011
000000000000010010
111111111111110101
000000000000000111
000000000000001110
111111111111110011
111111111111101100
111111111111110110
111111111111110000
111111111111110000
000000000000000001
000000000000000101
111111111111111101
111111111111111000
111111111111111111
111111111111110000
000000000000000101
000000000000000001
111111111111111101
000000000000001111
000000000000000000
111111111111111110
111111111111110110
000000000000000000
111111111111111101
000000000000000100
111111111111111100
000000000000000111
000000000000000011
111111111111111011
111111111111111010
000000000000011000
000000000000010011
000000000000000011
111111111111100111
111111111111101110
111111111111011010
000000000000000000
111111111111111010
111111111111101110
111111111111111011
111111111111111001
111111111111111110
111111111111011111
111111111111101100
111111111111111111
111111111111111010
111111111111110110
111111111111111011
111111111111111100
000000000000000011
000000000000000010
111111111111110010
111111111111111111
000000000000001011
000000000000001010
000000000000000110
000000000000001101
000000000000000000
000000000000000000
000000000000000000
000000000000000000
000000000000000000
000000000000000000
000000000000000000
000000000000000000
000000000000000000
000000000000000000
000000000000000000
000000000000000000
000000000000000000
000000000000000000
000000000000000000
000000000000000000
000000000000000000
000000000000000000
000000000000000000
000000000000000000
000000000000000000
000000000000000000
000000000000000000
000000000000000000
000000000000000000
000000000000000000
000000000000000000
000000000000000000
000000000000000000
000000000000000000
000000000000000000
000000000000000000
000000000000000000
000000000000000000
000000000000000000
000000000000000000
000000000000000000
000000000000000000
000000000000000000
000000000000000000
000000000000000000
000000000000000000
000000000000000000
000000000000000000
000000000000000000
000000000000000000
000000000000000000
000000000000000000
000000000000000000
000000000000000000
000000000000000000
000000000000000000
000000000000000000
000000000000000000
000000000000000000
000000000000000000
000000000000000000
000000000000000000
000000000000000000
000000000000000000
000000000000000000
000000000000000000
000000000000000000
000000000000000000
000000000000000000
000000000000000000
000000000000000000
000000000000000000
000000000000000000
000000000000000000
000000000000000000
000000000000000000
000000000000000000
000000000000000000
000000000000000000
000000000000000000
000000000000000000
000000000000000000
000000000000000000
000000000000000000
000000000000000000
000000000000000000
000000000000000000
000000000000000000
000000000000000000
000000000000000000
000000000000000000
000000000000000000
000000000000000000
000000000000000000
000000000000000000
000000000000000000
000000000000000000
000000000000000000
000000000000000000
000000000000000000
000000000000000000
000000000000000000
000000000000000000
000000000000000000
000000000000000000
000000000000000000
000000000000000000
000000000000000000
000000000000000000
000000000000000000
000000000000000000
000000000000000000
000000000000000000
000000000000000000
000000000000000000
000000000000000000
000000000000000000
000000000000000000
000000000000000000
000000000000000000
000000000000000000
000000000000000000
000000000000000000
000000000000000000
000000000000000000
000000000000000000
000000000000000000
000000000000000000
000000000000000000
000000000000000000
000000000000000000
000000000000000000
000000000000000000
000000000000000000
000000000000000000
000000000000000000
000000000000000000
000000000000000000
000000000000000000
000000000000000000
000000000000000000
000000000000000000
000000000000000000
000000000000000000
000000000000000000
000000000000000000
000000000000000000
000000000000000000
000000000000000000
000000000000000000
000000000000000000
000000000000000000
000000000000000000
000000000000000000
000000000000000000
000000000000000000
000000000000000000
000000000000000000
000000000000000000
000000000000000000
000000000000000000
000000000000000000
000000000000000000
000000000000000000
000000000000000000
000000000000000000
000000000000000000
000000000000000000
000000000000000000
000000000000000000
000000000000000000
000000000000000000
000000000000000000
000000000000000000
000000000000000000
000000000000000000
000000000000000000
000000000000000000
000000000000000000
000000000000000000
000000000000000000
000000000000000000
000000000000000000
000000000000000000
000000000000000000
000000000000000000
000000000000000000
000000000000000000
000000000000000000
000000000000000000
000000000000000000
000000000000000000
000000000000000000
000000000000000000
000000000000000000
000000000000000000
000000000000000000
000000000000000000
000000000000000000
000000000000000000
000000000000000000
000000000000000000
000000000000000000
000000000000000000
000000000000000000
000000000000000000
000000000000000000
000000000000000000
000000000000000000
000000000000000000
000000000000000000
000000000000000000
000000000000000000
000000000000000000
000000000000000000
000000000000000000
000000000000000000
000000000000000000
000000000000000000
000000000000000000
000000000000000000
000000000000000000
000000000000000000
000000000000000000
000000000000000000
000000000000000000
000000000000000000
000000000000000000
000000000000000000
000000000000000000
000000000000000000
000000000000000000
000000000000000000
000000000000000000
000000000000000000
000000000000000000
000000000000000000
000000000000000000
000000000000000000
000000000000000000
000000000000000000
000000000000000000
000000000000000000
000000000000000000
000000000000000000
000000000000000000
000000000000000000
000000000000000000
000000000000000000
000000000000000000
000000000000000000
000000000000000000
000000000000000000
000000000000000000
000000000000000000
000000000000000000
000000000000000000
000000000000000000
000000000000000000
000000000000000000
000000000000000000
000000000000000000
000000000000000000
000000000000000000
000000000000000000
000000000000000000
000000000000000000
000000000000000000
000000000000000000
000000000000000000
000000000000000000
000000000000000000
000000000000000000
000000000000000000
000000000000000000
000000000000000000
000000000000000000
000000000000000000
000000000000000000
000000000000000000
000000000000000000
000000000000000000
000000000000000000
000000000000000000
000000000000000000
000000000000000000
000000000000000000
000000000000000000
000000000000000000
000000000000000000
000000000000000000
000000000000000000
