111111111100100000
111111111011101000
111111111111010110
111111111100101111
111111111001100110
000000000010101111
000000000011111100
000000000101111010
000000000001100111
111111110110000101
111111110110111111
111111110010100000
000000001111010010
000000000100111000
111111111011100001
111111111010001111
000000001110111001
111111111001000101
000000000000101101
000000000110000011
000000000001011101
111111111110100000
111111111110010011
111111111101101110
111111111101000010
111111111110001010
000000000010001000
000000000010000001
111111110001100011
000000000111111101
000000001111101111
111111111101000111
111111110011101111
111111110101101101
000000001010110101
000000001111010011
000000000000000000
000000000000000000
000000000000000000
000000000000000000
000000000000000000
000000000000000000
000000000000000000
000000000000000000
000000000000000000
000000000000000000
000000000000000000
000000000000000000
000000000000000000
000000000000000000
000000000000000000
000000000000000000
000000000000000000
000000000000000000
000000000000000000
000000000000000000
000000000000000000
000000000000000000
000000000000000000
000000000000000000
000000000000000000
000000000000000000
000000000000000000
000000000000000000
000000000000000000
000000000000000000
000000000000000000
000000000000000000
000000000000000000
000000000000000000
000000000000000000
000000000000000000
000000000000000000
000000000000000000
000000000000000000
000000000000000000
000000000000000000
000000000000000000
000000000000000000
000000000000000000
000000000000000000
000000000000000000
000000000000000000
000000000000000000
000000000000000000
000000000000000000
000000000000000000
000000000000000000
000000000000000000
000000000000000000
000000000000000000
000000000000000000
000000000000000000
000000000000000000
000000000000000000
000000000000000000
000000000000000000
000000000000000000
000000000000000000
000000000000000000
000000000000000000
000000000000000000
000000000000000000
000000000000000000
000000000000000000
000000000000000000
000000000000000000
000000000000000000
000000000000000000
000000000000000000
000000000000000000
000000000000000000
000000000000000000
000000000000000000
000000000000000000
000000000000000000
000000000000000000
000000000000000000
000000000000000000
000000000000000000
000000000000000000
000000000000000000
000000000000000000
000000000000000000
000000000000000000
000000000000000000
000000000000000000
000000000000000000
000000000000000000
000000000000000000
000000000000000000
000000000000000000
000000000000000000
000000000000000000
000000000000000000
000000000000000000
000000000000000000
000000000000000000
000000000000000000
000000000000000000
000000000000000000
000000000000000000
000000000000000000
000000000000000000
000000000000000000
000000000000000000
000000000000000000
000000000000000000
000000000000000000
000000000000000000
000000000000000000
000000000000000000
000000000000000000
000000000000000000
000000000000000000
000000000000000000
000000000000000000
000000000000000000
000000000000000000
000000000000000000
000000000000000000
000000000000000000
000000000000000000
000000000000000000
000000000000000000
000000000000000000
000000000000000000
000000000000000000
000000000000000000
000000000000000000
000000000000000000
000000000000000000
000000000000000000
000000000000000000
000000000000000000
000000000000000000
000000000000000000
000000000000000000
000000000000000000
000000000000000000
000000000000000000
000000000000000000
000000000000000000
000000000000000000
000000000000000000
000000000000000000
000000000000000000
000000000000000000
000000000000000000
000000000000000000
000000000000000000
000000000000000000
000000000000000000
000000000000000000
000000000000000000
000000000000000000
000000000000000000
000000000000000000
000000000000000000
000000000000000000
000000000000000000
000000000000000000
000000000000000000
000000000000000000
000000000000000000
000000000000000000
000000000000000000
000000000000000000
000000000000000000
000000000000000000
000000000000000000
000000000000000000
000000000000000000
000000000000000000
000000000000000000
000000000000000000
000000000000000000
000000000000000000
000000000000000000
000000000000000000
000000000000000000
000000000000000000
000000000000000000
000000000000000000
000000000000000000
000000000000000000
000000000000000000
000000000000000000
000000000000000000
000000000000000000
000000000000000000
000000000000000000
000000000000000000
000000000000000000
000000000000000000
000000000000000000
000000000000000000
000000000000000000
000000000000000000
000000000000000000
000000000000000000
000000000000000000
000000000000000000
000000000000000000
000000000000000000
000000000000000000
000000000000000000
000000000000000000
000000000000000000
000000000000000000
000000000000000000
000000000000000000
000000000000000000
000000000000000000
000000000000000000
000000000000000000
000000000000000000
000000000000000000
000000000000000000
000000000000000000
000000000000000000
000000000000000000
000000000000000000
000000000000000000
000000000000000000
000000000000000000
000000000000000000
000000000000000000
000000000000000000
000000000000000000
000000000000000000
000000000000000000
000000000000000000
000000000000000000
000000000000000000
000000000000000000
000000000000000000
000000000000000000
000000000000000000
000000000000000000
000000000000000000
000000000000000000
000000000000000000
000000000000000000
000000000000000000
000000000000000000
000000000000000000
000000000000000000
111111110001011110
111111110101011101
111111111110001110
111111111000101110
111111111011100101
111111111101011011
111111111000111011
000000000000110100
111111111111010011
111111111110011111
000000000011110110
111111110111001011
000000000001111100
111111111100000010
000000000110010011
111111111110000110
000000000110010111
111111111110110000
111111111010100000
111111111010101011
111111111110111111
000000000000010001
111111110111110010
111111111100111000
111111110111001010
000000000001111110
111111111010000110
000000000010000111
000000000001110001
111111110101111001
000000000010111000
111111110001110111
111111111010011110
111111111111010111
111111111100101000
000000000100101010
111111110010001111
111111110111101010
000000000000010010
000000000110111010
000000000100010110
000000000011110001
000000000010110001
000000000011101010
000000001011000001
000000001000101100
111111111100100001
111111111100000010
000000000001010001
111111110111111101
000000000110000110
000000001000000011
111111111111111000
111111111111000101
000000000010011011
000000000001100010
000000000110011000
000000000111011011
000000000101001101
000000000011110010
000000000100111011
000000001000010001
000000010110000010
111111111100111001
000000000010111001
000000000001000001
000000000001110001
111111111111101000
111111110101101111
111111111110000110
000000000011111000
000000000011111011
111111111110001101
000000000101101101
111111111111001111
000000001000111111
000000000000000101
000000000011001101
000000010000011010
000000001010000011
000000010110111100
111111111111001101
111111111111100001
111111111111111011
000000000001100111
111111111010111111
111111110110100111
000000001101011010
111111111000010111
000000001001111101
111111111101000011
111111111100110001
000000000010110010
000000000000100111
000000000100001001
000000000010100101
000000001000111110
000000000110101111
000000001001110101
000000000000101110
111111110101101000
111111111110110001
000000000101000111
000000000010000000
000000000110101000
000000000001110100
000000000011100101
000000000101001001
111111111001100010
000000000111001000
000000000011010010
111111111010110100
000000000101100001
000000000001110011
111111111101101010
000000000100011110
000000001010010010
111111111011100001
000000000000010011
111111111101011110
000000001101101000
111111111100111010
111111111101000001
000000000110010010
000000000000100010
000000001101110111
111111110110111101
000000000010101100
111111111111100001
111111111111100010
000000001001101001
111111111100100111
000000000001110011
000000000010110011
000000000100001100
111111110101011001
000000000011001000
111111111101010110
111111111010011101
000000000110110011
111111111100111110
111111111100100010
111111111101010111
000000000010100000
111111111000010100
111111110110010001
000000000001011101
000000000000010011
000000000010010101
111111111111001000
000000000000001100
111111111100110011
000000000001000110
000000001001010011
000000000101001110
000000000111001100
000000000110011011
111111111110001101
111111111101110000
000000000000110010
111111111100100001
111111111110100111
111111111111111000
111111111110011000
111111111101111001
111111111111010110
000000000100111010
000000000101100011
000000000100111100
000000001000100000
000000000100101011
000000001000111110
000000000000000001
000000000101010011
000000001101001011
000000001001101011
000000001000011101
000000001110101000
000000001101011000
000000100011100011
111111111100110111
111111111110110000
000000000011000100
000000000101011011
000000000101110101
000000000100101100
000000001000000010
000000001110011000
000000011000100001
000000000011000111
111111111011010011
111111110111100111
111111111011011011
111111111010010001
000000001000101100
000000000000000100
111111111111110100
000000000100010001
111111111100100111
111111110011110111
000000000100101000
000000000001110100
111111111110001101
111111111000011011
111111111100011111
111111111011111000
111111111101101110
000000000000101011
000000000101101011
111111111110111001
111111111011000100
111111111001101111
000000000101101001
000000000100001100
000000000101100001
000000000000100111
111111111101010010
111111111001010100
000000001001111101
000000000000100001
111111111001101010
111111111011010011
000000001000110111
111111111010101101
000000000011110011
000000000000010110
111111111110111011
000000000011111111
111111111100110001
111111111000100101
000000001001000000
111111110101101111
000000000011010110
000000000001011011
111111111011110111
111111111000011011
000000000100110110
000000000011000000
000000000001111101
000000000000110110
000000000100100101
000000001000101000
000000001011010011
000000000101001111
000000000000111010
000000000000000100
111111110101111001
111111111111101100
000000000000101011
111111111111101101
111111111101000100
000000001000000110
111111111110111110
000000000000001110
111111111100110100
000000000000100000
111111111001110110
000000000000100001
111111111011101111
000000000010100100
000000001011001110
000000000010010011
000000000000101110
111111111100001111
000000000110011101
000000000011010011
111111111110010000
111111111000010011
000000000101101010
000000000010110011
000000000011101000
111111111110110110
000000000100100000
000000000100101101
111111111010111101
000000000010100110
000000000001000100
000000000011110001
000000001110011100
000000000000110010
111111111100010111
000000000100100001
111111111101100110
000000000001110011
000000000011001001
000000000110000001
000000001100000000
000000001001111100
000000000000011011
000000000011100000
111111111111000001
000000000000010100
000000000001000110
000000000011100011
111111111010100001
111111111110111101
000000000000011101
111111111011000110
000000000101010100
000000000001100000
111111111010011101
000000000000111011
111111111011110000
000000000001010010
111111111101000010
111111111101000001
000000000001110001
000000000000000011
000000000110000101
111111111111100100
111111111010011110
111111110110110110
000000000011000011
111111111110011010
000000000001000110
111111111110000110
111111111010110011
111111110111110001
000000000011101010
111111111001001011
000000000100110001
000000000010001010
111111111111111010
111111111101101001
111111110011000011
111111111011000011
111111111101010111
000000000011100100
111111111001000100
111111111100111111
000000000101100110
000000000010111111
111111111100101000
000000001000110101
111111111100101100
000000000000110100
000000000000111111
111111111011011001
111111111001110011
000000000110011100
000000000011010010
111111111111111110
000000000101111110
111111111001101101
000000000010111110
000000000100010100
111111111111111110
000000000101001110
000000000110010011
111111111100010011
111111111111001110
000000000000010100
111111111111010110
111111111101010000
111111111101101100
111111111101110001
000000000011010001
000000000101000011
111111111011000010
000000000010011111
111111111100100100
000000000011000010
111111111101101001
111111110101111101
111111111100011101
000000000101011110
111111111011111011
000000000011000100
000000000001110101
111111111101110100
000000000000101110
111111111110111001
111111111100001110
111111111101101110
111111111100110100
000000000000010000
111111111100010010
111111111001100000
111111111100100101
000000000011010000
111111111000001000
000000000001001101
111111111010011110
111111111011101010
000000000110011010
111111111010001100
000000000101011001
111111111110001111
111111111110010110
111111111110011100
111111111101010010
111111111100001100
000000000011011100
000000000110110101
000000000101111011
000000000000011011
000000000100101001
000000000101000010
000000000011010101
000000000001110100
000000000001111100
000000000001011010
000000000100110111
000000000110000011
000000000001000110
111111111010010000
111111111010111010
111111111110110111
000000000011110100
000000000001110100
000000000001101000
000000000110101110
000000000010010010
000000000000010011
000000000010101111
111111111111111011
000000000001100111
000000001000000110
000000000101101101
000000000100100100
000000000101111000
111111111111101111
000000000100110110
111111111111111111
000000000000000101
000000000001011001
000000000101011000
000000000001000001
000000000010001001
111111111111111011
000000000110001011
000000000000001001
000000000111110100
000000000000000110
111111111001110111
000000000010100011
000000000110101111
000000000000101110
111111111111011011
111111111110110101
111111111000101010
111111111100101101
000000000010010111
111111111100010001
111111111011110110
000000000100100110
111111111110100000
000000000010001000
000000000010010011
000000000000011101
000000000010110111
111111111101111000
111111111010111000
000000000011010110
000000000101011010
000000000110000001
111111111110011010
111111111100000000
000000000001100111
000000000000100010
111111111101111101
111111111110011100
000000000001110100
000000000100100000
000000001000000111
000000001000011110
111111111100110110
000000000001101110
000000000011011100
111111111011110100
111111111110101101
111111111110101001
000000000010010110
000000000000001111
000000000001110010
111111111110011110
111111111100101011
000000000000011011
000000001000000000
000000000000100001
000000000001000010
111111111100111100
000000000011001010
111111111000011001
000000000010110011
000000000001100111
000000000110000111
000000000100011011
000000000101000100
000000000101011111
000000000001001001
000000000001101011
111111111011001101
000000000001011111
111111111100111010
111111111010101001
000000000011000101
111111111010000111
111111111111110000
000000000000100011
111111111111001111
000000000000110111
111111111100101001
000000000011101111
111111111110101111
000000000010101011
000000000101010011
111111110110101000
000000000011111000
000000000100101111
000000000010001011
111111111111101011
111111111110101000
000000000001011100
111111111100110011
111111111100000110
000000000101000000
111111111011010101
000000000010001111
111111111100101101
111111111101111000
000000000010100010
111111111101000110
111111111101111010
000000000101100100
000000000110101101
111111111111100000
000000000010001100
000000000111111011
111111111111010100
000000000001111000
000000000100010101
000000000111101101
000000000110000111
111111111001101110
111111111100001000
111111111001110110
000000000000100000
000000000001010100
000000000001000110
000000000111010011
111111111001010110
000000000001010101
111111111101001011
000000000000010101
000000000001011011
000000000100001111
111111111110110101
000000000011000011
000000000001100111
000000000011000110
111111111111001011
000000000011000001
000000000010110001
111111111100100101
000000000010101011
000000000000010100
000000000110111010
000000000111100101
000000000101101001
000000000000010000
111111111100110100
111111111011011010
111111111110111101
111111111111001010
000000000011100001
111111111010101011
000000000001100011
111111111111000110
111111111110011010
000000000000110111
000000000010100111
000000000100010100
111111111110011110
111111111111110111
000000000000101111
111111111111110011
111111111111100101
111111111111101011
000000000000000100
000000000000000001
000000000000001000
111111111111111010
111111111111101001
111111111111111010
111111111111111111
111111111111110001
000000000000000110
111111111111111010
000000000000000001
000000000000001011
000000000000000010
111111111111110110
000000000000000111
111111111111110001
111111111111111110
111111111111110100
000000000000010001
000000000000010000
000000000000000111
111111111111110111
000000000000001101
111111111111100101
000000000000000000
000000000000000010
111111111111111010
000000000000000100
000000000000001000
000000000000000101
000000000000011000
000000000000010100
000000000000011000
000000000000001000
000000000000001111
111111111111111010
000000000000000000
000000000000001010
000000000000000010
111111111111111001
111111111111110011
000000000000001111
000000000000010101
111111111111111111
111111111111100101
111111111111110111
111111111111111110
000000000000000101
000000000000100001
000000000000011100
000000000000001010
111111111111111100
000000000000000101
000000000000000101
000000000000001111
111111111111111111
111111111111110100
000000000000000010
111111111111111010
111111111111111001
111111111111110110
000000000000000101
000000000000000100
000000000000000001
000000000000001011
111111111111111001
000000000000000000
000000000000010100
111111111111111110
000000000000001111
000000000000001010
000000000000001010
111111111111111111
000000000000001011
000000000000001001
111111111111110101
000000000000000010
111111111111101110
111111111111111110
111111111111110100
111111111111111101
111111111111111001
000000000000000011
000000000000001111
111111111111101101
111111111111110101
111111111111110101
111111111111111000
000000000000000100
111111111111101110
000000000000000110
111111111111111111
000000000000001000
000000000000000111
000000000000000000
111111111111111101
000000000000000010
000000000000001010
000000000000000001
000000000000000011
000000000000000110
000000000000000100
000000000000000010
111111111111111001
111111111111111100
111111111111111101
000000000000001000
111111111111111110
000000000000010011
000000000000000101
111111111111111100
111111111111101100
111111111111110101
111111111111111010
111111111111111011
111111111111111001
000000000000010011
000000000000001001
000000000000000011
111111111111111011
000000000000001001
000000000000000110
000000000000010011
111111111111111001
111111111111111011
000000000000000111
000000000000001001
000000000000000100
000000000000001000
000000000000000101
000000000000000111
111111111111110110
000000000000001010
111111111111111001
111111111111110010
000000000000001110
000000000000001110
000000000000001111
000000000000001101
000000000000000101
000000000000010110
000000000000100000
000000000000000000
000000000000000001
000000000000010001
000000000000000100
000000000000010000
000000000000001001
000000000000001101
000000000000010110
000000000000000011
000000000000001010
000000000000001000
000000000000000011
111111111111111111
000000000000001001
000000000000000000
111111111111110001
000000000000001100
111111111111111100
000000000000001111
000000000000010010
000000000000000111
000000000000000001
000000000000000000
000000000000011110
111111111111111000
111111111111111110
111111111111111111
000000000000000011
000000000000001000
111111111111110001
111111111111111111
111111111111110111
111111111111110110
000000000000001000
111111111111111110
000000000000000111
000000000000000100
000000000000001000
000000000000010111
111111111111111110
000000000000000100
111111111111111100
000000000000001000
111111111111101110
111111111111111101
000000000000000110
000000000000010111
000000000000000010
111111111111110010
000000000000010011
111111111111000111
111111111111111000
000000000000000111
000000000000000101
111111111111111100
111111111111111010
111111111111111011
111111111111111000
111111111111110010
111111111111110011
000000000000000011
000000000000000111
000000000000000100
000000000000001110
000000000000000010
111111111111110110
000000000000001011
000000000000000011
000000000000011100
000000000000011000
000000000000001001
111111111111111110
111111111111111010
000000000000001001
000000000000011010
000000000000001111
000000000000010110
000000000000010011
111111111111111111
000000000000010000
000000000000100100
000000000000001101
000000000000110100
111111111111111101
111111111111111011
000000000000001111
000000000000001110
000000000000001010
000000000000000011
000000000000001111
000000000000000110
000000000000011011
111111111111111100
000000000000000000
000000000000001011
000000000000000100
000000000000011000
000000000000011101
000000000000000010
000000000000000011
000000000000001010
111111111111110011
111111111111110000
111111111111111101
000000000000010011
111111111111101111
111111111111110111
111111111111111001
111111111111111010
000000000000000110
000000000000000001
111111111111111100
111111111111110111
000000000000000011
000000000000001000
000000000000010001
111111111111110100
111111111111111110
111111111111110111
111111111111111100
000000000000001000
000000000000000101
111111111111100110
111111111111110111
111111111111111010
000000000000010111
111111111111111001
111111111111111000
000000000000011010
000000000000010110
111111111111101110
000000000000001100
111111111111110011
111111111111111110
111111111111111000
000000000000000001
111111111111111111
111111111111100111
111111111111101011
000000000000000110
111111111111101101
111111111111111001
111111111111110100
000000000000010111
111111111111110101
000000000010111101
111111111111010111
000000000001101000
000000000101010100
000000000100100101
000000000100010001
000000000000111010
000000000000000010
111111111111011110
000000000000100111
111111111111110110
111111111111111011
000000000000000011
111111111111111110
111111111111111111
111111111111111100
111111111111111100
111111111111111101
000000000000000111
000000000000001011
000000000000001000
111111111111111110
111111111111110011
000000000000000000
000000000000000010
000000000000001011
111111111111110111
111111111111111010
111111111111110011
111111111111111010
000000000000000011
000000000000000011
000000000000000111
000000000000001000
000000000000001010
111111111111110010
111111111111110010
111111111111010100
111111111111111000
111111111111001111
111111111110111001
000000000001000111
000000000001100001
111111111111101011
111111111111111100
000000000001100110
000000000000000101
111111111111110110
000000000000000100
000000000000000001
111111111111111000
111111111111111011
111111111111111100
000000000000000000
000000000000000000
000000000000000100
000000000000000111
000000000000000111
000000000101001000
000000000011011000
000000000110001111
000000000010111100
000000000000011010
000000000001000101
000000000000111101
000000000001100100
111111111111110111
000000000000000001
000000000000101010
111111111111111111
111111111111111110
111111111111110111
000000000000000100
000000000000000101
111111111111111110
111111111111111111
111111111111111111
000000000000000100
111111111111111110
000000000000000110
000000000000001110
000000000000000110
000000000000001001
111111111111111110
111111111111111011
000000000000000100
111111111111111011
000000000000000100
111111111111111110
000000000000001010
000000000000000000
000000000000000000
000000000000001111
000000000000000101
000000000000000011
000000000000000010
111111111111111000
000000000000000100
000000000000000000
111111111111111000
000000000000000010
000000000000001000
000000000000000100
000000000000001010
000000000000001010
000000000000010010
111111111100111010
000000000001110001
000000000001010001
000000000000011110
000000000001011101
000000000001101100
000000000010010100
000000000000001000
000000000100001100
111111111111100101
000000000011011000
000000000100010111
000000000000000101
111111111111110110
000000000000000000
000000000000000011
111111111111111000
111111111111110101
111111111111110101
111111111111111000
111111111111111000
111111111111110001
111111111111101101
111111111111111010
000000000010001111
000000000010101011
000000000100101010
000000000010010110
111111111111101000
000000000000000111
000000000000101001
000000000000000010
111111111111111010
000000000000001000
000000000000001101
111111111111101100
000000000000000001
111111111111111101
111111111111111001
111111111111101101
111111111111111100
111111111111110011
111111111111110100
111111111111111000
111111111111110100
111111111111101110
111111111111100011
111111111111110101
111111111111110111
111111111111101111
000000000000000011
111111111111111000
111111111111111100
000000000000000010
000000000000000101
000000000000000011
000000000000000011
111111111111111101
000000000000000011
000000000000000000
000000000000000011
000000000000000011
111111111111111101
000000000000000000
111111111111111010
111111111111111011
111111111111111111
000000000000000011
111111111111111110
111111111111111111
000000000000000100
000000000000001101
111111111111111110
000000000000000001
000000000000000010
111111111111111000
111111111111111001
111111111111101111
111111111111111011
000000000000000101
111111111111111110
111111111111110101
111111111111111101
000000000000000011
000000000000000000
000000000000000000
000000000000000000
000000000000000000
000000000000000000
000000000000000000
000000000000000000
000000000000000000
000000000000000000
000000000000000000
000000000000000000
000000000000000000
000000000000000000
000000000000000000
000000000000000000
000000000000000000
000000000000000000
000000000000000000
000000000000000000
000000000000000000
000000000000000000
000000000000000000
000000000000000000
000000000000000000
000000000000000000
000000000000000000
000000000000000000
000000000000000000
000000000000000000
000000000000000000
000000000000000000
000000000000000000
000000000000000000
000000000000000000
000000000000000000
000000000000000000
000000000000000000
000000000000000000
000000000000000000
000000000000000000
000000000000000000
000000000000000000
000000000000000000
000000000000000000
000000000000000000
000000000000000000
000000000000000000
000000000000000000
000000000000000000
000000000000000000
000000000000000000
000000000000000000
000000000000000000
000000000000000000
000000000000000000
000000000000000000
000000000000000000
000000000000000000
000000000000000000
000000000000000000
000000000000000000
000000000000000000
000000000000000000
000000000000000000
000000000000000000
000000000000000000
000000000000000000
000000000000000000
000000000000000000
000000000000000000
000000000000000000
000000000000000000
000000000000000000
000000000000000000
000000000000000000
000000000000000000
000000000000000000
000000000000000000
000000000000000000
000000000000000000
000000000000000000
000000000000000000
000000000000000000
000000000000000000
000000000000000000
000000000000000000
000000000000000000
000000000000000000
000000000000000000
000000000000000000
000000000000000000
000000000000000000
000000000000000000
000000000000000000
000000000000000000
000000000000000000
