111111111110000111
111111111100110010
000000000001011001
000000000001101100
000000000010100100
111111111010001111
000000000001011110
000000000111011111
111111110111100010
000000000001010110
000000000001010100
111111111011010001
111111111110100110
000000001001100110
111111111100010010
000000001000010011
000000001001110001
111111111110111111
111111111110111011
111111111110011101
111111111111001010
000000000000111010
111111111111100101
000000000010010011
111111111110000011
000000000001001101
111111111111001111
000000000010100010
111111010100100101
111111101011010011
000000000100100010
000000001011010010
111111101011111110
111111111100000000
111111100010010011
111111101000010000
000000000000000000
000000000000000000
000000000000000000
000000000000000000
000000000000000000
000000000000000000
000000000000000000
000000000000000000
000000000000000000
000000000000000000
000000000000000000
000000000000000000
000000000000000000
000000000000000000
000000000000000000
000000000000000000
000000000000000000
000000000000000000
000000000000000000
000000000000000000
000000000000000000
000000000000000000
000000000000000000
000000000000000000
000000000000000000
000000000000000000
000000000000000000
000000000000000000
000000000000000000
000000000000000000
000000000000000000
000000000000000000
000000000000000000
000000000000000000
000000000000000000
000000000000000000
000000000000000000
000000000000000000
000000000000000000
000000000000000000
000000000000000000
000000000000000000
000000000000000000
000000000000000000
000000000000000000
000000000000000000
000000000000000000
000000000000000000
000000000000000000
000000000000000000
000000000000000000
000000000000000000
000000000000000000
000000000000000000
000000000000000000
000000000000000000
000000000000000000
000000000000000000
000000000000000000
000000000000000000
000000000000000000
000000000000000000
000000000000000000
000000000000000000
000000000000000000
000000000000000000
000000000000000000
000000000000000000
000000000000000000
000000000000000000
000000000000000000
000000000000000000
000000000000000000
000000000000000000
000000000000000000
000000000000000000
000000000000000000
000000000000000000
000000000000000000
000000000000000000
000000000000000000
000000000000000000
000000000000000000
000000000000000000
000000000000000000
000000000000000000
000000000000000000
000000000000000000
000000000000000000
000000000000000000
000000000000000000
000000000000000000
000000000000000000
000000000000000000
000000000000000000
000000000000000000
000000000000000000
000000000000000000
000000000000000000
000000000000000000
000000000000000000
000000000000000000
000000000000000000
000000000000000000
000000000000000000
000000000000000000
000000000000000000
000000000000000000
000000000000000000
000000000000000000
000000000000000000
000000000000000000
000000000000000000
000000000000000000
000000000000000000
000000000000000000
000000000000000000
000000000000000000
000000000000000000
000000000000000000
000000000000000000
000000000000000000
000000000000000000
000000000000000000
000000000000000000
000000000000000000
000000000000000000
000000000000000000
000000000000000000
000000000000000000
000000000000000000
000000000000000000
000000000000000000
000000000000000000
000000000000000000
000000000000000000
000000000000000000
000000000000000000
000000000000000000
000000000000000000
000000000000000000
000000000000000000
000000000000000000
000000000000000000
000000000000000000
000000000000000000
000000000000000000
000000000000000000
000000000000000000
000000000000000000
000000000000000000
000000000000000000
000000000000000000
000000000000000000
000000000000000000
000000000000000000
000000000000000000
000000000000000000
000000000000000000
000000000000000000
000000000000000000
000000000000000000
000000000000000000
000000000000000000
000000000000000000
000000000000000000
000000000000000000
000000000000000000
000000000000000000
000000000000000000
000000000000000000
000000000000000000
000000000000000000
000000000000000000
000000000000000000
000000000000000000
000000000000000000
000000000000000000
000000000000000000
000000000000000000
000000000000000000
000000000000000000
000000000000000000
000000000000000000
000000000000000000
000000000000000000
000000000000000000
000000000000000000
000000000000000000
000000000000000000
000000000000000000
000000000000000000
000000000000000000
000000000000000000
000000000000000000
000000000000000000
000000000000000000
000000000000000000
000000000000000000
000000000000000000
000000000000000000
000000000000000000
000000000000000000
000000000000000000
000000000000000000
000000000000000000
000000000000000000
000000000000000000
000000000000000000
000000000000000000
000000000000000000
000000000000000000
000000000000000000
000000000000000000
000000000000000000
000000000000000000
000000000000000000
000000000000000000
000000000000000000
000000000000000000
000000000000000000
000000000000000000
000000000000000000
000000000000000000
000000000000000000
000000000000000000
000000000000000000
000000000000000000
000000000000000000
000000000000000000
000000000000000000
000000000000000000
000000000000000000
000000000000000000
000000000000000000
000000000000000000
000000000000000000
000000000000000000
000000000000000000
000000000000000000
000000000000000000
000000000000000000
000000000000000000
000000000000000000
000000000000000000
000000000000000000
000000000000000000
000000000000000000
000000000000000000
000000000000000000
000000000000000000
000000000000000000
111111111111111111
111111111001010010
000000000001100110
000000000011010001
111111111010011001
000000000110111011
000000001001001010
111111110111000000
000000000001110000
000000001000111011
111111110011010111
000000001000011001
000000000010011100
111111111110110111
000000000011001011
000000000001001101
111111111110010000
000000000000000001
111111111000010000
111111111110000101
000000000100010010
111111111110111110
111111111111000000
111111111110110000
000000000101111010
000000000000101011
000000000001111101
111111111101100110
111111111100000111
111111111110110010
111111111101110000
000000000000011100
111111110100110100
111111111100110101
000000000100111101
000000000010110101
111111111101011001
000000000001000100
111111110110000001
000000000110011110
000000000000111111
111111111110101110
000000000001110111
000000000110011000
000000000100100001
000000000000100000
000000000000100100
000000000010100111
111111111010111000
000000000001011111
000000000010001010
000000000010001001
000000000100101101
111111111101101000
000000000000011000
000000000100000111
000000000100010010
000000000110010101
000000000010000001
000000000011000110
000000000011010101
000000000001011101
000000000010010110
111111111000000111
000000000011100010
111111111100001010
000000000100101010
111111111111010001
000000000000011010
111111111000101101
000000000010100110
000000000110100001
000000000100101001
111111111000111001
000000000001100011
000000000100100111
000000000101001100
111111111111011110
000000000001100011
000000001100100001
000000000011111010
111111111101100000
000000000010101001
000000000100000001
111111111111101000
000000000001100000
111111111010110011
000000000101101000
111111111111100010
000000000100101110
111111111111101010
111111111110100101
111111110111100011
111111111111100100
111111111101000001
000000001000011011
000000000000001001
000000000001100001
000000000001100111
111111111110110101
111111111001101011
000000000001110001
000000000100111100
000000000000101000
000000000001110000
111111111110101110
000000000011010000
111111111101101100
111111110100110010
000000000100101100
000000000010100001
111111111111111011
111111110100111110
000000000001011101
000000000000010010
111111111011111100
000000000111010001
000000000000000111
111111111110011001
111111111110100101
000000000100100111
000000000000111000
111111111010111100
000000000100110101
000000000000101010
000000000010001111
111111111110101111
000000000010001011
111111111110010111
111111111111101100
000000000000010111
000000000011000111
000000000000010000
111111111010001111
111111111100110110
111111111100110111
000000000000111110
000000000010001101
000000000100101000
111111111011110101
000000000011011111
000000000010011110
111111110111101110
000000000101011000
111111111011010111
000000000010010011
111111111101010000
000000000100000110
111111111101111001
111111111110111110
111111111010110011
000000000010011000
000000000010111100
000000000001010111
000000001000100101
111111111100111110
111111110001000111
000000000011101010
000000000001001111
111111111110000000
000000000010100000
111111110111100001
000000001011000101
111111111100011000
111111111100001011
000000000001001111
000000000100000001
111111111001010010
000000000011101010
000000000010001000
000000000000101111
111111111100011100
000000000010101111
111111111111000010
000000000011111000
000000000010010010
000000000100001111
000000000101111011
000000001000011111
000000000010010110
111111111101010001
000000000100001001
000000000100110001
000000000100010110
000000000100101100
111111111111011000
000000000100010110
000000001010010011
000000000010001001
111111110011010111
111111111111011010
111111111100001001
111111111100010011
000000000011101111
000000000010101101
000000001100111101
111111110101111111
000000000000001101
000000000011001011
111111111010011111
000000000011010000
000000000110101100
000000000000001100
111111111100111111
000000000110011111
111111111100001101
000000000001100000
000000000000110110
000000000011101100
111111111101000000
111111111110111101
111111111101010001
111111111101101010
111111111000011010
000000000101010010
111111111000101000
111111111000101110
000000001011010000
111111111111011001
111111111000110111
000000000010111100
000000000100011111
111111111110000100
000000000000010011
111111111100101001
000000001000101011
111111101110101011
000000000001110010
000000000110000100
111111110101010111
000000000010111010
000000000011011110
111111111011111000
000000000011101010
111111111010001010
000000000010011010
111111111000111101
000000000110001000
000000000001100101
111111111111011111
000000000000111101
000000000010100101
000000000000101010
111111111000101110
000000000101011101
111111111110101010
111111111110011101
111111111011101011
000000000111010000
111111111000011101
111111111111001000
111111111101100011
111111111100000100
000000000001110101
000000000000111000
111111111111101000
111111111110101000
111111111011011110
111111111001010001
000000000001111011
000000000010100101
111111111101111010
000000000010001001
111111111100110101
111111111111110100
000000000010110111
111111111110001010
111111111111010101
000000000010100111
000000000000101110
111111110111111010
000000000000000100
000000000101000000
111111111011011010
111111111101100000
111111110110111101
000000000000001011
111111111001100010
000000000011110010
000000000011001110
111111111111110100
000000000100010010
000000000001010011
000000001010110000
000000000000101001
000000001010111110
111111111111010110
111111110111110110
000000000110001010
000000000001100111
000000000011010111
111111111010000100
111111111001110001
111111111010101110
111111111101101111
111111111111110110
000000000000110110
000000000000111110
000000000011011011
111111111111100010
111111111110111100
000000000001100110
111111111111011000
000000000000101001
000000000001001001
111111110111101110
000000000110111010
111111111100100011
111111111011100101
111111111100010011
111111111000111001
000000000010001110
111111111110110111
111111111110110100
111111111011100101
111111111101110110
000000000000011010
000000000001100001
111111111111101010
000000000010101100
000000000000110100
111111111110111100
000000000001100101
000000000100001000
111111111111100100
111111111011001101
111111110100010110
111111111111010001
000000000010110010
000000000000000110
111111111100011000
111111111011001000
000000000000110110
000000000001111101
111111111001111100
000000000011011101
000000000011111100
111111111010011110
111111111011001000
000000000001001010
000000000000010100
111111111111000011
000000000011000110
000000000100011000
000000000001111110
111111111011111101
111111111111100110
111111111111011001
111111111100010011
000000000001110011
000000000011011001
111111111100010000
111111111101101101
111111111100010010
000000000001000001
000000000001110011
000000000011001111
111111111110101011
111111111010010001
111111111111010101
111111111110100101
000000000001100011
000000000000000101
000000000100010110
000000000010011000
111111111100011010
000000000010111011
111111111111010011
000000000111111011
111111111101000101
111111111110110001
000000000001111011
111111111111101111
111111111100001100
111111111111000010
000000000000101011
000000000000111000
000000000000010000
111111111000111010
111111111110100011
111111111111111110
111111110101001000
000000000010100111
111111111000000100
111111111010011101
111111111011100001
000000000100000110
111111111110101000
000000000000100100
111111111110100011
111111111111100101
000000000000010100
000000000001001100
111111111111001110
000000000000000011
111111111101111110
000000000010111011
000000000101111111
000000000010000010
000000000110110111
000000001001011011
000000000010001010
111111111110101011
111111111111110110
111111111110101101
111111111000100000
000000000001010111
111111111010001011
000000000011110111
111111111110110000
000000000011111010
111111111100001100
000000000001100110
000000000000111111
000000000011100010
000000000010111001
111111111111110010
000000000110000010
000000001001111001
000000000101111100
000000000010110011
000000000100111000
000000000101000101
111111111101000000
111111111111000111
111111111111100011
000000000100111110
111111111101000000
111111111101110010
111111111101111101
000000000011010001
000000000000111001
111111111110101010
111111111111000100
000000000001111101
111111111111011101
000000000010010001
000000000010001110
000000000001000001
111111111110100000
000000000001101011
000000000001001000
111111111111100001
111111111001100111
000000000000001011
000000000011100010
000000000000001010
111111111111111011
111111111111001101
111111111011011011
000000000100100100
000000000011111010
000000000110000011
000000000000010101
111111111111110001
111111111100111000
111111111100000110
111111111110011000
000000000001101000
000000000111010101
111111111110110001
000000000111011010
111111111101000101
111111111111011100
000000000001011011
000000000100011111
111111111101110010
000000000111111011
111111111101001000
111111110111101011
000000000001111000
000000000001001001
111111111000101111
111111111110101111
111111111010010010
000000000010011001
000000000001111000
111111111001000101
111111111111011100
111111111101010111
111111111110001101
000000000001000111
000000000100111110
000000000001001011
111111111100101111
111111111111010011
000000000110100010
000000000110100100
000000000001010011
000000000110000101
000000000110000010
000000000110101000
000000000000111111
000000000100100001
000000000001000110
000000000001111100
111111111111110001
000000000000111111
111111111011101111
000000000010110100
111111111101001111
111111111110111110
111111111111100010
111111111111010110
000000000100000010
111111111111010101
000000000010011101
111111111111111000
111111111101000011
111111111011111101
000000000010010101
111111111100100000
111111111111011011
111111111100000111
111111111100011010
111111111110110000
000000000010000000
111111111110110000
000000000010111011
000000000001010110
000000000000100100
111111111101100101
000000000011011101
111111111110011110
000000000000111001
000000000001011011
111111111101101010
111111111011111010
111111111110010110
000000000000101110
111111111101001101
000000000111110110
000000000111001101
000000000101000010
000000000110110100
000000000000001000
111111110110101100
000000000000010111
000000000100011100
111111111110101001
111111111111010111
111111110110111000
111111111010101101
000000000000110010
000000000010101100
000000000011110100
000000000011111100
000000000001000000
111111111101111100
111111111000111000
111111111101010001
000000000101010110
000000000000110101
000000000010100000
111111111101111110
111111111100101011
000000000010111010
111111111111111011
111111111101111011
000000000011100001
111111111111101001
111111111101010010
000000000011010101
111111111100001111
111111111010101101
000000000000100101
000000000010010001
111111111110101001
111111111111101000
111111111101111100
111111111111011000
000000000011010010
111111111111100101
000000000110011100
000000000000100100
000000000111010110
000000000001101111
111111111111011110
111111111100100101
111111111100110101
111111111110001101
111111111101100111
111111111010101101
111111111110010010
111111111110101001
111111111110110111
000000000000101010
111111111111100101
111111111111011010
111111111100101010
000000000001001010
111111111100100011
000000000000011011
111111111110110111
000000000011110001
000000000000011100
111111111111100011
111111111101011100
111111111100110100
000000000001010001
111111111110001011
111111111110111101
111111111111111111
111111111111011101
111111111011110000
000000000000101100
111111111000001101
111111111101111010
111111111111100011
000000000001110001
111111111100000110
000000000000111100
000000000000011100
111111111110011001
111111111110010011
111111111101101011
111111111111111111
111111111110110110
000000000010110100
000000000011101000
000000000000111111
000000000000000000
111111111110001010
111111111100111000
111111111100111001
111111111110000011
111111111101001011
000000000000101101
000000000000010000
000000000010101110
000000000100001011
000000000001011111
000000000011110001
000000000000111101
000000000000110011
000000000001001010
000000000000101101
111111111111001110
111111111110100000
000000000011111001
000000000001100110
111111111101110011
111111111110100110
111111111101110110
111111111100001000
000000000010011001
111111111100111100
111111111110100111
000000000010101101
000000000001001011
111111111101011001
000000000001110101
000000000001000111
000000000001000100
000000000010100111
111111111110101000
111111111110100000
111111111111011111
111111111100000111
111111111111100001
000000000000010010
111111111111111111
111111111101011110
111111111101101000
000000000001010000
111111111011011101
000000000100001111
111111111100110100
000000000001101011
111111111001000011
111111111111001011
111111111101110110
111111111011000111
111111111101011111
111111111111010111
111111111111000101
111111111111111010
111111111100011000
111111111110011011
111111111110111100
111111111111000010
111111111000110010
000000000000000101
000000000000110000
111111111110101111
000000000010111011
111111111001100110
111111111110011001
000000000000110011
000000000001111101
111111111101011111
111111111111100000
111111111100001001
111111111101000101
111111111101001011
000000000000100000
111111111111100000
111111111101111111
111111111111001010
111111111111011101
000000000000110001
111111111100110001
000000000010100000
111111111110110111
111111111010001011
000000000001100100
000000000000001000
000000000000011011
111111111101000001
111111111101111100
111111111110101101
111111111111010110
111111111011011100
000000000001110110
000000000001100101
000000000000110001
111111111111111010
000000000000010110
111111111110000011
111111111101100101
000000001011101001
000000001001011110
000000000010110111
000000001000100011
000000001010000010
000000000111101111
000000001001010000
000000001010100010
000000000011000001
000000000010010101
111111111110110001
000000000000101000
000000000000100011
000000000001101000
000000000001011000
111111111101010001
111111111011010001
111111111000101101
111111111011000101
000000000000000100
000000000000110011
111111111111000001
000000000000110101
111111111011101011
000000000010001111
000000000000011110
000000000000011001
111111111110010101
000000000001011000
111111111111010111
111111111101100111
111111111111110001
111111111110111110
111111111100100011
000000000000111110
000000000011011001
111111111111000000
000000000000111001
000000000000001010
000000000010000010
111111111101110111
111111111111100110
111111111100111010
111111111101101011
111111111110100111
000000000000111001
000000000000110111
111111111100011110
000000000011001000
000000000001010111
000000000001010100
111111111110101010
111111111111111000
000000000001101111
000000000001100001
111111111110011101
111111111110000011
111111111110000101
111111111111011110
000000000000100111
000000000000110100
111111111110100011
111111111101010100
111111111111111000
000000000000101010
000000000001001100
000000000011001110
111111111111011111
111111111110010110
000000000000011100
111111111111000100
111111111001110100
000000000000111010
111111111110101110
000000000001001100
111111111100100011
111111111101100010
111111111100110110
000000000011001101
000000000001100111
000000000010111101
000000001010101100
000000001101001011
000000000011110111
000000000111101001
000000001010101001
000000001010101000
000000000110100110
000000000110010110
000000000100001111
111111111111111000
111111111101110011
111111111111101111
000000000010100111
111111111110001110
111111111111110101
000000000000100001
000000000000010010
111111111110010011
000000000001001001
111111111001110001
111111111111001000
111111111110010110
000000000000011010
111111111111101101
111111111101111001
111111111110111110
000000000001001011
111111111100111110
000000000000100010
000000000001010101
000000000001100001
111111111100001001
111111111011001001
111111111110010101
111111111111100101
111111111111000011
111111111111010000
000000000001111111
111111111100011010
000000000000100000
111111111110100110
000000000001100000
111111111100010001
000000000000110011
111111110101010000
111111111101110101
000000000001011110
000000000000000011
111111111111110110
111111111111111101
000000000000110110
111111111110000101
111111111110001010
000000000000011111
000000000000001000
000000000000110010
111111111101101111
111111111101111100
000000000000011101
000000000001101110
111111111110100101
111111111111001010
111111111111011111
000000000000011110
000000000000010011
111111111111100010
111111111111011111
000000000000010110
111111111111111011
000000000000111111
111111111111011110
111111111111011000
000000000010000101
111111111111010111
111111111111010100
000000000000000000
111111111111111011
000000000000001000
111111111111110101
111111111111110100
000000000000000001
111111111111111000
111111111111111000
111111111111111101
111111111111110111
111111111111111101
000000000000001010
000000000000000010
111111111111111110
000000000000000001
111111111111110100
000000000000001001
000000000000010010
000000000000000100
000000000000001001
000000000000000000
111111111111111011
111111111111111001
111111111111111101
111111111111110011
111111111111101101
000000000000110001
000000000000001100
000000000011010100
000000000100110000
000000000010100110
111111111111110100
000000000100010111
000000000100110010
000000000011011101
111111111111101010
000000000000000111
000000000000000001
111111111111111101
000000000000000010
000000000000001100
000000000000000110
000000000000000100
000000000000000110
111111111111111000
000000000000010100
111111111111110000
000000000000001101
111111111111111011
111111111111001100
111111111110010100
000000000000010100
000000000000011100
111111111111111000
111111111111111000
000000000010110010
000000000000011011
000000000000000100
000000000000011001
111111111111000110
000000000000110100
000000000001011100
000000000000100101
000000000000010000
000000000001010100
000000000000001111
000000000001011001
000000000001100111
111111111111101000
000000000101001110
000000000011010100
000000000100000000
000000000000000000
111111111111111000
111111111111110000
111111111111110101
111111111111111010
000000000000000010
111111111111101110
111111111111111100
111111111111111000
111111111111111000
111111111111111101
000000000000000100
111111111111111001
000000000000010000
000000000000001001
000000000000000001
111111111111100110
000000000000000100
000000000000010111
111111111111010100
111111111111011011
000000000010001001
111111111111011000
111111111111011011
111111111111111011
111111111111111010
111111111111111011
000000000000000111
111111111111110011
111111111111110110
111111111111111010
000000000000000001
111111111111110000
111111111111101111
111111111111101011
111111111111110001
000000000000000001
111111111111111111
111111111111110101
111111111111110111
000000000000000101
111111111111111010
111111111111111000
111111111111111100
000000000000001010
111111111111110011
111111111111101011
111111111111111000
000000000000000000
000000000000000000
111111111111111111
000000000000000100
111111111111111011
000000000000000001
000000000000000001
111111111111111111
111111111111110111
111111111111111010
111111111111111011
000000000000000001
000000000000000010
000000000000000001
111111111111111001
111111111111111000
111111111111110111
000000000000001000
000000000000000100
000000000000000000
111111111111111101
111111111111111011
111111111111110001
000000000000000010
000000000000011010
000000000000000000
000000000000000000
000000000000010010
000000000000011001
000000000000010001
000000000000000000
000000000000001000
000000000000010000
000000000000000000
111111111111111011
000000000000001001
000000000000000110
000000000000000001
000000000000000000
000000000000001101
000000000000000110
000000000000010011
111111111111111101
000000000000001101
111111111111111001
111111111111111110
111111111111111100
111111111111100101
000000000000001010
000000000000001011
000000000000000011
000000000000011110
000000000000000000
000000000000000010
000000000000000010
000000000000001011
000000000000010000
000000000000001000
000000000000000110
111111111111111101
000000000000000000
000000000000000000
000000000000000000
000000000000000000
000000000000000000
000000000000000000
000000000000000000
000000000000000000
000000000000000000
000000000000000000
000000000000000000
000000000000000000
000000000000000000
000000000000000000
000000000000000000
000000000000000000
000000000000000000
000000000000000000
000000000000000000
000000000000000000
000000000000000000
000000000000000000
000000000000000000
000000000000000000
000000000000000000
000000000000000000
000000000000000000
000000000000000000
000000000000000000
000000000000000000
000000000000000000
000000000000000000
000000000000000000
000000000000000000
000000000000000000
000000000000000000
000000000000000000
000000000000000000
000000000000000000
000000000000000000
000000000000000000
000000000000000000
000000000000000000
000000000000000000
000000000000000000
000000000000000000
000000000000000000
000000000000000000
000000000000000000
000000000000000000
000000000000000000
000000000000000000
000000000000000000
000000000000000000
000000000000000000
000000000000000000
000000000000000000
000000000000000000
000000000000000000
000000000000000000
000000000000000000
000000000000000000
000000000000000000
000000000000000000
000000000000000000
000000000000000000
000000000000000000
000000000000000000
000000000000000000
000000000000000000
000000000000000000
000000000000000000
000000000000000000
000000000000000000
000000000000000000
000000000000000000
000000000000000000
000000000000000000
000000000000000000
000000000000000000
000000000000000000
000000000000000000
000000000000000000
000000000000000000
000000000000000000
000000000000000000
000000000000000000
000000000000000000
000000000000000000
000000000000000000
000000000000000000
000000000000000000
000000000000000000
000000000000000000
000000000000000000
000000000000000000
