000000000000000010
111111111100011111
111111111100100011
111111111001000100
000000000000011101
111111111100100001
000000000011001001
111111110110001110
000000000001001101
111111111111001010
000000001000100101
111111111101101101
000000000010011100
000000000101110000
111111111101010001
000000000100111111
000000001101111000
000000001010100010
111111110111111110
111111111101001000
111111111011001011
111111111101110000
111111101101101101
000000000011010101
111111111110000001
111111111110110011
000000000010010111
000000000101111001
111111111000111101
111111101100101110
111111111110000101
000000000000010100
000000000101011110
111111111011101010
000000001001001001
111111011011110001
000000000010100001
000000000001001011
111111111100101101
111111111100111111
000000000110010001
000000000010011000
111111111100101000
000000000010011110
000000000000010001
111111110100011001
111111111111011111
111111111010111010
111111111101101000
111111111101001011
111111110110101100
000000001000000100
111111111100000101
000000000001110110
000000000011000001
000000000101010110
111111111100000001
111111110101000101
000000000011000010
000000000100011110
000000000000100001
000000000011111111
111111110110001111
111111111100101100
000000000011011011
111111111001101011
000000000101011010
111111111111000010
000000000010001010
111111111110010100
111111111111010110
000000000001000011
111111111011110001
000000000011010000
111111111110111100
111111111001011011
000000000000101101
000000000011100011
111111111101101010
111111111101010010
000000000001000111
111111111111001010
111111111111011101
111111111010000010
111111110110011110
111111111101001111
000000000010100111
111111111100010101
000000000011110100
111111111110001011
000000000010100111
000000000001011111
000000000000011001
000000000011000111
000000000011010000
000000001001011111
000000000101101100
000000000010001011
000000000011001010
000000000001001011
000000000001101110
111111111101111101
111111111100111111
111111111010101111
111111111111111101
111111111101111101
000000000110110111
111111111111011101
111111110111110111
000000000110001111
111111111101001101
000000000000000010
000000000000110010
000000000000110000
000000000011100110
000000000111000010
000000000110011100
000000000101101101
000000000101001100
111111111110000011
111111111011110010
000000000101010101
000000000001011000
000000000001011110
111111111000011000
111111111101101100
111111110100010101
000000000101001110
000000000100101011
111111111001011001
111111110110111010
000000000010111010
000000000111010100
111111111001000001
000000000000000000
000000000000010011
111111111000010010
111111110110110010
111111111110000110
000000001000101000
000000001000001101
000000000000000001
000000000010000011
000000000011110100
000000001010100011
111111111110111111
000000000110011100
111111111111101000
000000000011101010
111111111111000111
111111111111000110
111111111101011111
000000000000100010
111111111011111010
111111111001111011
000000000000011101
111111111111011101
111111111001000001
111111111100010001
000000000010100101
111111111111001001
000000000101110100
111111110101110111
111111111111101111
000000000000101010
111111111101000110
111111111101001100
000000000001100101
111111111111001100
111111111010001000
111111111100000000
000000000100110010
111111111110001101
000000000000011110
000000000000101100
111111111010110011
111111111111010100
111111111011011010
000000000010101011
000000000000001000
111111111100001001
000000000100110101
000000000110110110
000000000000001110
000000000000011100
111111111100110010
111111111101010000
111111111011001000
111111111111011011
000000000111110010
111111111100010001
111111111110100011
111111111010001111
111111110101100111
111111110101101010
111111111111100001
000000000001010101
000000000010001011
000000000010011111
111111111110100110
111111110110011010
000000000101111000
111111111100110010
111111110111000100
000000000011001100
111111111101001000
000000000101101101
000000000001001000
111111111110011001
000000000100000011
000000000101110010
000000000000001010
000000000001101101
000000000111010000
000000000101000011
000000000110111000
111111111011010000
111111111010001001
111111111000101100
000000000010001101
000000000101110001
000000000011111001
000000000000101011
000000000001101000
000000000110010011
000000000010101000
111111111101001110
111111111100011000
111111111101100101
111111111101100100
111111111111110010
000000000010111011
111111111100110110
000000000000100001
000000001001000101
000000000100100000
111111111011111010
000000000001001010
111111111010000101
000000000001001010
000000000011011000
111111111101111100
111111111010001110
000000000100000000
111111111110011010
111111111110010011
000000000010010011
000000000100101010
111111111110101111
000000000010111100
111111111100000011
111111111011001010
111111111100110100
111111111111011000
000000000110100001
111111111101001010
000000000000100101
000000000100110110
111111111010010101
111111111001011010
111111111111101111
111111111011001010
000000000101011011
111111111100111111
111111111010101010
111111111101111110
000000000000101110
111111111110101011
000000000001110010
111111111000100010
000000000000000000
111111111011000011
000000000001011000
000000001001000011
000000000100100111
000000000001000100
000000000000001010
000000000000101110
111111111100011011
000000000001101001
000000000001100010
000000000011010100
000000000011000101
000000000011001110
111111111101011010
111111111011011001
111111111100000011
000000000101100100
000000000010111000
111111111101111011
000000000011101111
111111111111010000
111111110110111100
000000000111011000
000000000101010010
000000000000001100
000000000000011010
111111111110110111
111111111110001011
111111111110110010
000000000000111001
000000000010101001
111111111010110010
111111111001111011
000000000010001001
000000000010010100
000000001101011110
111111111111011101
111111111110000010
000000001100011101
000000000100111111
000000001001011101
111111111001100010
000000000111011111
000000000001001001
000000000100010101
000000000010101101
000000000010100100
000000000011100000
000000000100001000
111111111111101100
000000000101101011
000000001000000011
111111111110011111
111111110110010000
111111111001001001
111111111011100011
111111111011100011
000000000010110001
111111111101110011
111111111110010001
111111111110000001
000000000011101110
000000000011100101
000000000010100010
111111111101001100
111111111110101000
111111111101010100
000000000110011110
000000000000011001
111111111011111111
000000000000101001
000000000000111101
111111111110101000
000000000000001100
000000000001011010
111111111111111000
000000000001000001
111111111010000011
000000000101011001
000000000000111111
111111111101001101
111111111010111110
111111111111110101
111111111100001011
000000000100111101
000000000010001011
000000000001101010
000000000100000110
111111111101100011
111111111100001100
000000000100010000
111111111110011110
111111111011111110
111111111110010110
000000000001110010
000000000011101100
000000000000001111
000000000000111001
111111111101111011
111111111111011010
111111111111100111
111111110101100111
000000000001001001
000000000000101010
111111111100001110
111111111101001101
111111111111000010
000000000000001001
111111111100100101
111111111101100001
000000000101001010
111111111111000001
000000000010100101
000000000010101011
000000000010010101
000000000100001100
111111111101110110
000000000000001011
000000000011011010
000000000001100111
111111111111011100
111111111101000111
111111111101100100
111111111110100111
111111111011011011
111111111110101101
111111111010000000
111111111110110110
111111111010110011
111111111011000101
111111111101101100
000000000010000000
000000000110010011
111111111011110011
000000000011010100
111111111101000100
000000000111011011
111111111011011010
111111111111110111
000000000000001101
000000000011010011
000000000001110100
111111111111010101
111111111110001101
111111111111101100
111111111101011011
000000000100010010
000000000100111110
111111111111101011
000000000001100110
000000000000001101
000000000011101001
111111111011101101
111111111100111010
111111110111001101
000000000101001111
000000000001101000
000000000001010011
000000000001010001
000000000000111010
000000000101000111
000000000100111111
000000000000011010
000000000100110010
000000000010110000
000000000100111110
000000000111010001
111111111101110010
000000000100010100
000000000010100011
111111111110110000
111111111010110000
000000000001110101
111111111101110111
111111111110011010
000000000011100011
111111111010100001
111111111011011100
000000000011011101
111111111111110110
000000000101000100
000000000111000110
000000000011110100
000000000100001111
000000000111101110
000000000100010111
000000000101000111
000000000011111000
111111111100001000
111111111100110000
000000000010100011
000000000000000010
111111111111000000
111111111101101110
111111110111011000
000000000010101110
111111111110011111
000000000011000000
111111111111000011
000000000100100001
111111111001111010
000000000000101110
000000000100110110
111111111010110001
111111111100101001
000000000100001110
111111111111001000
111111111011010110
111111111101001000
111111111100100101
000000000000110001
000000000011100101
111111111011110101
111111111111101101
111111110101101111
111111111000100101
000000000001000011
000000000000110000
000000000000000111
000000000001001111
111111111111110001
000000000011000101
111111111011011000
000000000010001110
111111111100100110
000000000010110100
000000000011011110
000000000101101000
111111111111010111
111111111111011001
111111111111010110
000000000011110110
000000000000000111
111111111100110000
111111111111000001
111111110110011000
111111111100001000
111111111111100110
000000000000010000
111111111100101110
000000000000101010
000000000000110100
111111111111101100
111111111101100011
000000000100110110
000000000010010011
000000000100101110
111111111111111011
111111111101101010
000000000001100000
111111111111011001
000000000100110110
000000000100101001
000000000101110111
000000000110011110
000000000011010101
000000000011101110
000000000010001101
000000000011110001
000000000111111010
111111111001101011
000000000010100000
000000000001001010
111111111101000111
111111111111111010
000000000000111010
111111111100100110
000000000001111101
111111111110000010
000000000010110110
111111111100001110
111111111010000110
111111111111000110
111111110110100000
111111111111011011
111111111101100111
000000000000110110
111111111110110110
111111111100111011
111111111100011010
111111111011000111
000000000011010001
000000000001110111
000000000000110011
111111111000101011
111111111111100101
111111111110011001
000000000010000111
000000000000111010
000000000001011010
000000000010001011
000000000000111010
111111111110000111
000000000110000010
111111111111111101
000000000100011010
111111111101110011
000000000100010101
000000000000100111
000000000011011010
111111111111101010
111111111101010011
000000000001011010
000000000101000111
000000000001100101
111111111111100001
000000000010110100
111111111011001010
111111111011111001
000000000011000001
111111110111110100
000000000000011001
000000000000101010
111111111111000011
111111111111000111
111111111110111101
111111111111100010
111111111111110111
111111111110101000
000000000010011100
111111111101100011
111111111111001101
111111111011110000
111111111111010101
000000000011001101
111111111100001101
111111111111001000
111111111101101110
111111111110010110
000000000010100101
111111111011101101
111111111010101101
111111111111011000
111111111011110110
000000000101010111
000000000011000001
111111111110001100
111111111110000001
111111111011111111
000000000010101100
000000000000111111
000000000000000111
111111111111101101
000000000000000001
000000000000010011
000000000000000110
000000000000001001
000000000000010101
111111111111110111
111111111111111101
000000000000011100
000000000000000111
111111111111110000
000000000000000011
111111111111111010
000000000000010001
000000000000000111
000000000000000110
000000000000010011
111111111111111011
000000000000000111
111111111111110011
000000000000000001
000000000000011110
000000000000011101
111111111111101001
000000000000001111
111111111111110101
111111111111100111
111111111111101000
111111111111110000
000000000000000101
000000000000000101
111111111111101111
000000000000001011
000000000000010010
000000000000011101
000000000000000110
111111111111101111
111111111111110001
111111111111111001
000000000000000001
111111111111111110
111111111111110110
000000000000010000
000000000000001110
000000000000100000
000000000000001001
111111111111110111
111111111111111100
000000000000000100
000000000000010011
000000000000011110
000000000000001101
000000000000001101
111111111111111100
000000000000001011
000000000000001000
111111111111111101
111111111111111110
111111111111111000
111111111111110100
111111111111111001
000000000000001000
000000000000001000
000000000000010000
111111111111101011
111111111111110011
000000000000000000
000000000000000110
111111111111111000
000000000000000110
111111111111111101
000000000000010101
111111111111101010
000000000000001001
000000000000010010
000000000000001000
000000000000010000
000000000000001100
111111111111111011
111111111111111111
111111111111110010
111111111111110111
000000000000100010
111111111111110110
000000000000000011
000000000000000100
000000000000010111
000000000000000011
111111111111111001
000000000000001100
111111111111111100
111111111111101101
000000000000000101
000000000000000000
111111111111111101
000000000000010011
000000000000000101
000000000000001100
000000000000000111
000000000000001000
000000000000001011
000000000000000000
000000000000000001
000000000000000110
111111111111101101
111111111111101100
111111111111101010
111111111111101111
000000000000000110
111111111111110010
000000000000000101
000000000000001111
111111111111111010
111111111111101101
000000000000001011
111111111111110001
000000000000000111
000000000000000101
000000000000010000
000000000000001000
000000000000010010
000000000000000000
000000000000001100
000000000000000001
000000000000000111
000000000000000111
000000000000010111
000000000000000110
000000000000001000
000000000000000010
000000000000000100
000000000000000110
000000000000001000
111111111111111101
111111111111111100
000000000000010011
111111111111111000
111111111111111100
000000000000001001
111111111111111010
000000000000011101
000000000000000111
111111111111111111
000000000000000101
000000000000011111
111111111111010000
111111111111110011
111111111111101111
000000000000010001
000000000000101101
000000000000001000
000000000000010001
000000000000001111
111111111111111111
111111111111111011
111111111111110100
111111111111111110
000000000000001110
111111111111110001
111111111111101101
000000000000001110
000000000000000000
000000000000000110
000000000000001110
000000000000000101
000000000000000001
111111111111111011
000000000000001111
111111111111110110
111111111111111001
111111111111111100
000000000000001010
000000000000001010
000000000000001011
000000000000001000
000000000000000001
111111111111111011
000000000000000011
111111111111110100
111111111111101111
000000000000000000
000000000000001110
000000000000000010
000000000000000110
111111111111100011
000000000000001110
111111111111110111
111111111111101101
111111111111111000
000000000000010001
111111111111111110
000000000000000111
111111111111110011
111111111111111111
111111111111101000
000000000000000001
000000000000000111
000000000000010110
000000000000000100
111111111111111101
000000000000000110
111111111111101001
111111111111111100
000000000000000010
000000000000010010
000000000000010001
000000000000001100
111111111111111010
111111111111111000
111111111111111110
000000000000000110
000000000000010100
000000000000001100
000000000000000011
111111111111101011
111111111111111011
111111111111101010
111111111111110111
000000000000011011
000000000000000100
000000000000000111
000000000000000001
000000000000000100
000000000000010101
000000000000101110
111111111111101001
000000000001011000
000000000000010000
000000000000000000
000000000000011010
000000000000001011
000000000000001111
000000000000001110
111111111111110110
111111111111110111
111111111111111001
000000000000001011
000000000000000101
000000000000000100
000000000000000001
000000000000000001
000000000000001011
111111111111101101
111111111111101110
111111111111110110
111111111111110011
000000000000000000
000000000000001100
000000000000001011
111111111111110010
111111111111110111
000000000000001010
000000000000010001
111111111111111110
000000000000000100
111111111111111010
111111111111110111
000000000000011000
000000000000011001
000000000000001000
000000000000000100
000000000000001100
111111111111111000
111111111111111111
000000000000001011
111111111111111111
111111111111101110
111111111111110000
111111111111110101
000000000000001110
000000000000010100
111111111111110110
000000000000100001
000000000000000001
111111111111111001
000000000000010011
111111111111101001
000000000000010100
000000000000000101
000000000000001010
000000000000000100
111111111111011100
111111111111111101
111111111111111111
111111111111111010
111111111111111110
111111111111100010
000000000000110001
000000000000000001
000000000001011000
111111111111010010
000000000000010110
000000000101100110
000000000011110101
000000000001111111
111111111111110010
111111111111011100
111111111111011010
000000000000110001
111111111111111110
111111111111110011
111111111111101100
111111111111111001
111111111111111000
111111111111111111
111111111111111101
000000000000000001
111111111111111111
111111111111111111
111111111111110110
000000000000000011
111111111111111011
111111111111111010
000000000000000110
000000000000001101
111111111111110001
111111111111111000
111111111111111011
111111111111111110
111111111111111100
000000000000001000
000000000000000011
111111111111110100
000000000000000011
000000000000111011
000000000000011010
111111111110111000
111111111111101111
111111111111111010
111111111111111010
000000000001000001
111111111111101110
111111111111100011
000000000000101101
000000000000110011
111111111111110110
111111111111111000
000000000000001011
111111111111111110
111111111111101101
111111111111111110
111111111111110111
000000000000000100
111111111111111101
111111111111111111
000000000000000001
000000000000000011
000000000101010001
000000000010110000
000000000110001001
000000000100001100
111111111111111011
000000000001111000
000000000010110010
000000000000110010
111111111111001111
111111111111111010
000000000000111110
111111111111010000
000000000000000001
111111111111111101
000000000000000111
111111111111111101
111111111111110101
111111111111111111
111111111111110101
111111111111111101
000000000000000011
111111111111111010
000000000000000110
000000000000001001
111111111111110110
111111111111111100
000000000000001010
000000000000010001
111111111111111100
111111111111111101
111111111111101100
111111111111111011
111111111111110100
000000000000000111
000000000000000010
000000000000000000
000000000000000101
111111111111111101
111111111111111011
111111111111111110
111111111111110111
111111111111101111
000000000000001010
000000000000000000
111111111111111111
111111111111111101
000000000000000111
000000000000001100
111111111101011010
111111111111110010
111111111111011110
000000000001000110
111111111111111001
000000000001110100
000000000100101010
000000000001010101
000000000100101000
111111111111110111
000000000011110010
000000000011011011
000000000000000111
000000000000000100
111111111111111110
000000000000001001
111111111111111100
000000000000000111
111111111111111111
000000000000000101
111111111111111110
000000000000001000
111111111111111000
111111111111111000
000000000011101000
000000000100001011
000000000011010110
000000000011110000
000000000001000110
000000000000111011
111111111111000111
111111111111100011
000000000001101110
111111111111000111
000000000000110110
000000000000000010
000000000000001011
000000000000001010
000000000000000101
000000000000010000
000000000000000011
111111111111111110
111111111111111011
000000000000000100
000000000000001010
000000000000000001
111111111111110101
000000000000000011
111111111111111001
111111111111111100
111111111111111100
111111111111111010
000000000000000110
000000000000000110
111111111111111001
111111111111111001
000000000000000010
111111111111111101
000000000000000111
111111111111111001
111111111111110110
000000000000000110
000000000000010100
000000000000010001
000000000000000000
000000000000001101
000000000000000111
000000000000000010
000000000000000100
111111111111111110
000000000000001101
111111111111111101
000000000000000001
111111111111111011
000000000000001010
000000000000010011
111111111111110011
111111111111110110
000000000000000100
000000000000001100
111111111111111110
111111111111111100
111111111111111010
111111111111111100
