111111111110101111
111111111111100100
111111111000101100
000000000100011110
000000000101001001
000000001000001011
000000000010101100
000000000111010010
111111111110011001
111111101110010001
000000001011000110
000000000100010000
111111110000101011
111111101110110001
111111111100000011
111111110101000010
111111111011101101
000000001011110110
111111110110111110
000000000101010010
111111111011001010
111111111111111100
111111111110010001
111111111010101001
111111111101011011
000000000011000111
111111111111101010
111111101101011001
111111111111001100
000000000100010001
111111111001010010
111111111111111010
000000001110001111
111111101111100001
000000001000100001
000000001101100001
111111111110111101
111111110110001001
111111110110000011
000000000101001110
111111111001111000
000000000010010101
111111111111011100
111111111111110010
111111111100101010
111111111101001100
000000000110000111
000000000101101011
111111110101101101
111111111110001100
000000000010110011
000000000100010101
000000000000010001
111111111101111011
000000000000001010
111111111110100101
000000000010100010
000000000001100111
000000000000100001
000000001010010101
000000000001101011
111111111010010001
000000000000101100
111111111100011010
111111111110100010
000000000111011000
000000000111111111
111111111101100101
111111111110101001
000000000101100100
111111111001001111
000000000111000010
000000000001011001
000000000011010101
111111111000101100
111111111101111000
000000000010111001
111111111010110101
000000000001010101
000000000101001011
111111111110011010
111111111110110010
111111111010011000
000000001000010100
111111111101001100
000000000001001011
111111111100100101
111111111110011100
000000000010001111
000000000000010010
111111111011101010
000000000011111001
000000000011101101
000000000110010001
000000001000110101
000000000100000101
111111111100100010
000000000110101000
000000000010001111
111111111011001011
000000000000001101
111111110110110011
000000000101110011
000000000101101010
000000001001001011
111111111110100101
000000000000000101
000000000101101100
000000000010000111
000000000111010001
000000000000000011
111111111011000110
111111111110000111
111111111111110010
000000000100110001
000000000111111001
111111111110111110
000000000110011110
000000000110010101
000000000010101111
111111111010100001
111111111100100100
111111111101001010
111111111101100110
111111111110011010
111111111101011010
000000000100011111
000000001000111101
111111111010011000
000000000110100101
000000000011010101
000000000011010111
111111111111111000
111111111001100000
111111110111111101
111111111011111001
000000000101000011
111111111000010010
111111111101101000
000000000110010100
111111111000011110
000000000111000100
000000000111110000
000000000001000110
111111110011110100
111111111111011100
000000000011001000
111111111001001000
111111111101100111
000000001001111111
111111111010101101
000000000001100100
000000000001110100
000000000000001100
111111111111101110
000000000011110011
111111111101110010
000000000011000111
111111111111010100
111111111011100000
111111111101001001
111111111111010100
111111111000100101
000000000101011100
111111111101001110
111111111000101000
000000000100000101
111111111101001010
111111111101011100
000000001000100100
111111111110001000
000000000001011101
000000000011011011
111111110111110101
000000000001000010
111111111001010100
111111111110000001
111111111110101101
111111111010000001
000000001001011010
111111111110000011
111111111110010011
000000000100101101
000000001010100011
000000000000100001
111111111101001011
111111110110101100
111111111101000110
000000000001100110
111111111101100110
000000000001000111
000000000111000100
111111111000100111
000000000000111101
111111110111101000
000000000000000110
000000000010001100
111111111101001011
000000000001011000
000000000010101010
111111111100000100
111111110111111110
000000000101000111
111111111111011011
111111111001000100
111111111110011101
111111111101000001
111111111100010101
000000000011101101
000000001000000111
000000000001011101
000000000111110110
000000000010110011
000000000110011010
000000000010000101
000000000001000111
111111111111100001
000000000101100101
000000000001010100
111111111101111101
000000000011100100
000000000001000111
111111111111110000
000000000100000100
111111111110001111
000000001001100100
000000000011000001
000000000001100110
000000000001101010
000000000010000010
000000000000110110
111111111110010111
000000000101001011
000000000000100101
000000000001110100
000000000000010000
000000000110100010
000000000001111111
111111111011101110
000000000010010001
111111110111010010
111111111110101101
000000000101010100
111111111110001000
111111111001101001
111111111110001110
111111111110011100
111111111101110111
111111110110100000
000000000100111001
111111111010101010
000000000011101001
000000001001011110
000000000000010101
111111111111001100
000000000011111000
000000000001001111
111111111011101111
111111111101010000
000000000010100000
000000000000010011
111111111100101011
000000001000010010
111111111111001010
000000000100011010
111111111100001110
000000000101110100
111111111011010011
111111111110100001
111111111101000001
000000000000011011
000000000010011111
000000000001000000
000000000011010010
000000000110101010
000000000000101001
000000000001011111
000000000000011001
000000000111001000
000000000000100110
111111111111111100
111111111111011100
000000000110011101
000000000010001011
111111111011110111
000000000001010011
000000001000000101
111111111011100101
111111111010011000
000000000011110101
111111111101110011
111111111010000010
000000000111110101
111111111010110100
000000000110001110
111111111100010110
111111111011100000
111111111111110111
000000000011011110
111111111110011101
000000000111110011
111111111111011000
111111111010100100
111111111101011010
000000000110011100
111111111100000000
111111110111010100
111111111011101101
111111110110110100
000000000101101010
111111111111011000
111111111111000011
111111111011110111
000000000000111101
000000000110000110
111111111000010000
000000000101000000
000000000111000010
000000000000000010
000000000001101001
111111111110010111
111111111010011010
000000000010110101
000000000110010100
111111111101111011
111111111101101100
000000000000011111
000000000101011101
111111111101011001
111111111110010010
111111111010110110
111111111100100111
111111111011010110
000000000010001001
000000000011010011
000000000010001001
000000000010110111
111111111010000111
111111111101100001
000000000001000011
111111111100111011
111111111101110001
000000000010000110
111111111110011111
000000000000000011
111111111001001110
111111111100010000
000000000001111110
000000000100000110
000000000000101110
111111111010000000
111111111011100110
111111111100011011
111111111100111011
000000000000111111
111111111111111101
111111111111110111
000000000100101011
000000000100001110
111111111011100001
111111111000111011
000000000001010010
111111111111011101
000000000000011110
111111111111111001
111111111001001111
000000000001111101
111111111111100101
111111111101000110
000000000101101110
111111111100101001
111111111110011101
000000000101100111
111111111111010011
111111111011111011
111111111111001001
000000000001110011
000000000000100001
111111111111010010
111111111001110100
000000000001000001
000000000010111010
111111111101010110
000000000000000111
111111111110011100
111111111010101110
000000000110001000
000000000000011011
000000000000011010
111111111110101101
111111111101011101
111111111100010101
111111111110010010
111111111111001111
111111111111000010
000000000100001000
111111110111011110
000000000000001000
111111111111100110
111111111001001011
111111111010111000
111111111111001100
111111111111011010
000000000010110111
000000000110001100
000000000001010111
000000000010010111
000000000110001110
111111111110111001
000000000000011100
111111111111100111
000000000011010010
000000000001011011
000000000001011101
111111111010100000
000000000000011000
111111111111111110
111111111011101101
111111111000001101
111111111100001100
000000000011010111
111111111100001100
111111111001111001
111111111001100001
111111110110001111
000000000010110011
000000000100000000
000000000000001110
111111111110010010
000000000111110000
111111111111101100
000000000000101011
000000001001001011
000000000001110001
000000000111100101
000000000110010000
000000000010000111
000000000111111000
000000000110111000
111111111111001010
000000000011101000
000000000111011100
111111111000101110
000000000000111100
111111111111101001
000000000000110100
000000000110001100
000000000011111100
000000000001011011
111111111111111101
000000000101101100
000000000101010010
000000000111111110
000000000101010011
000000000100010010
000000000100101010
000000000100000000
000000000101000010
000000001000101011
111111111110001111
000000000000101001
111111111111100000
111111111101111110
000000000010111100
000000000000110010
111111111110101000
111111111101110101
000000000010110001
000000000101110111
111111111001111011
111111111111001010
111111111011000110
111111111111101010
111111111000011011
111111111011010000
111111111111101001
000000000010011010
000000000100001100
000000000000011110
000000000011001101
111111111100110011
111111111101100110
111111111101100101
111111111100101101
111111111111111010
111111111110100100
111111111110100110
111111111001011100
000000000011100001
111111111110100110
111111111100010011
111111111110101010
000000000000100110
000000000011101111
000000000001011010
000000000001101011
111111111111011100
111111111101010110
000000000110001010
000000000101000011
000000000011001111
000000000111100111
111111111010011101
000000000101001000
000000000001101000
000000000010010110
111111111010111101
000000000010110001
111111111100111101
000000000100001111
111111111001010101
111111111100001101
000000000011100000
000000000011011010
111111111011100011
000000000011001001
000000000011011010
000000000010100010
000000000011011000
111111111111000011
000000000000101000
000000000110010011
000000000110110101
000000000010000100
000000000110011100
000000001001010011
000000000000111010
000000000110001001
000000000011100111
000000000010011000
111111111111111000
111111111100001110
000000000010011011
000000000001100110
111111111110110111
000000000010010000
111111111110101100
111111111101101011
111111111110101100
000000000100010011
111111111111001101
000000000001001010
000000000010000000
111111111110111001
000000000010111110
111111111111111001
111111111110100111
000000000000101001
111111111110000000
111111111011010000
111111111101100100
000000000000111010
111111111011010110
111111111101110101
111111111101110111
000000000011000011
111111111111010001
111111111100110101
000000000011011011
111111111111100111
111111111101010001
000000000001111101
000000000100110101
000000000100001010
000000000010010011
000000000010101101
000000000001110001
000000000011010100
000000000100001100
000000000011110100
000000000010010001
000000000000010010
000000000011010101
000000000010001001
000000000001000010
000000000000000110
111111111101111111
111111111101111011
111111111010100110
000000000010001011
111111111010011100
111111111101111101
000000000100111000
111111111111101001
111111111110101101
000000000011011010
111111111011011100
000000000000001101
111111111100110100
000000000001111000
000000000001011000
000000000100000101
000000000010010110
000000000000101110
111111111111010101
000000000000101100
111111111011111110
111111111100000100
000000000001011101
111111111111100010
111111111111100001
111111110111100100
111111111010010010
111111111011111001
000000000101011011
000000000011101110
000000000000011000
111111111101111100
111111111101010010
000000000100111111
000000000001011101
000000000101000110
000000000000000010
000000000000010110
000000000000010000
000000000000011010
000000000000000001
111111111111111110
000000000000001001
000000000000000011
111111111111110100
111111111111110100
111111111111111011
000000000000001000
111111111111110001
000000000000000011
111111111111111111
000000000000010001
111111111111111011
111111111111111010
000000000000001001
000000000000000110
111111111111110110
111111111111110111
000000000000000110
111111111111110100
111111111111101111
111111111111111101
111111111111111000
000000000000000101
000000000000001001
111111111111111011
000000000000001001
000000000000001001
111111111111111111
111111111111111111
000000000000001001
000000000000000011
111111111111110010
000000000000001001
000000000000000100
000000000000001100
000000000000001111
000000000000000111
000000000000001111
000000000000000101
000000000000000100
111111111111111101
111111111111111000
111111111111110101
111111111111111010
000000000000000110
000000000000000010
111111111111111110
111111111111111010
000000000000011001
111111111111111101
000000000000000001
111111111111111010
000000000000010000
000000000000000111
000000000000000111
111111111111111010
000000000000000011
000000000000000100
111111111111111110
000000000000001111
111111111111111010
000000000000000001
000000000000000111
111111111111111000
000000000000001100
000000000000001000
111111111111111001
000000000000000011
000000000000010000
000000000000010001
000000000000001111
000000000000010010
000000000000011011
000000000000001101
000000000000000111
000000000000011010
111111111111110010
000000000000001111
000000000000010000
000000000000000000
000000000000000111
000000000000000010
000000000000001110
000000000000000110
111111111111110111
111111111111111001
000000000000000001
111111111111111001
000000000000001111
000000000000001010
111111111111111100
000000000000000001
000000000000000110
111111111111111111
000000000000000010
000000000000000011
111111111111111011
111111111111110101
000000000000000101
111111111111111010
111111111111111110
000000000000000000
111111111111110111
000000000000001100
000000000000000100
000000000000001100
000000000000000110
000000000000000010
000000000000010100
000000000000010000
000000000000001110
000000000000011011
000000000000000101
000000000000000110
000000000000010010
111111111111101111
000000000000000010
000000000000011101
000000000000000110
000000000000000010
000000000000001110
000000000000011111
000000000000001100
000000000000001100
000000000000011000
111111111111111001
000000000000000111
000000000000000101
000000000000001111
111111111111111110
000000000000010101
000000000000001000
000000000000000100
000000000000000000
000000000000010000
111111111111110100
111111111111111111
111111111111101010
111111111111110010
000000000000010010
000000000000001110
000000000001010000
000000000000000010
000000000000001000
000000000000100111
000000000000010110
000000000000100010
000000000000000110
000000000000001001
111111111111111010
111111111111111101
000000000000010010
000000000000000000
111111111111110110
000000000000001010
000000000000001101
000000000000010101
000000000000001000
111111111111111110
000000000000000001
000000000000000111
000000000000000010
111111111111110111
000000000000000010
000000000000010011
000000000000000011
111111111111110100
111111111111111110
000000000000110000
000000000000000111
000000000000001101
000000000000001011
000000000000001101
111111111111110101
111111111111111111
000000000000001011
000000000000001100
000000000000000000
000000000000001111
111111111111111001
111111111111100110
000000000000000001
111111111111100111
111111111111100110
111111111111111000
000000000000010000
000000000000011010
111111111111111101
111111111111110000
000000000000000011
000000000000000110
111111111111111101
111111111111111100
000000000000000110
000000000000010111
000000000000001000
000000000000010011
000000000000010000
000000000000100101
000000000000010100
000000000000011101
000000000000010101
111111111111111111
000000000000010000
000000000000000011
111111111111111001
000000000000000101
000000000000000100
000000000000011100
111111111111111110
111111111111110011
111111111111111100
000000000000010001
000000000000010010
000000000000001110
000000000000001010
000000000000011110
111111111111111010
000000000000001101
000000000000010110
000000000000100000
000000000000010011
111111111111100110
000000000000001011
000000000000001110
000000000000000010
000000000000010011
000000000000001000
000000000000000110
000000000000001001
111111111111111101
111111111111011101
000000000000000011
000000000000000111
000000000000000101
000000000000000011
000000000000010000
000000000000000111
111111111111101101
111111111111111010
000000000000000100
111111111111110011
000000000000001010
000000000000001111
111111111111110110
000000000000001010
000000000000010000
000000000000001100
000000000000000010
111111111111111110
000000000000001100
000000000000001011
000000000000001100
000000000000000000
000000000000000110
111111111111111010
111111111111110011
111111111111101101
111111111111101011
000000000000000011
000000000000001000
000000000000000001
111111111111110110
000000000000000111
111111111111111000
111111111111111111
000000000000001001
000000000000000000
111111111111111111
111111111111111111
111111111111111100
000000000000010111
000000000000001111
111111111111111110
000000000000000111
000000000000000010
111111111111111010
000000000000001000
111111111111110110
111111111111100110
000000000000001001
000000000000000000
111111111111111000
000000000000000000
000000000000000000
000000000000000000
000000000000000000
000000000000000000
000000000000000000
000000000000000000
000000000000000000
000000000000000000
000000000000000000
000000000000000000
000000000000000000
000000000000000000
000000000000000000
000000000000000000
000000000000000000
000000000000000000
000000000000000000
000000000000000000
000000000000000000
000000000000000000
000000000000000000
000000000000000000
000000000000000000
000000000000000000
000000000000000000
000000000000000000
000000000000000000
000000000000000000
000000000000000000
000000000000000000
000000000000000000
000000000000000000
000000000000000000
000000000000000000
000000000000000000
000000000000000000
000000000000000000
000000000000000000
000000000000000000
000000000000000000
000000000000000000
000000000000000000
000000000000000000
000000000000000000
000000000000000000
000000000000000000
000000000000000000
000000000000000000
000000000000000000
000000000000000000
000000000000000000
000000000000000000
000000000000000000
000000000000000000
000000000000000000
000000000000000000
000000000000000000
000000000000000000
000000000000000000
000000000000000000
000000000000000000
000000000000000000
000000000000000000
000000000000000000
000000000000000000
000000000000000000
000000000000000000
000000000000000000
000000000000000000
000000000000000000
000000000000000000
000000000000000000
000000000000000000
000000000000000000
000000000000000000
000000000000000000
000000000000000000
000000000000000000
000000000000000000
000000000000000000
000000000000000000
000000000000000000
000000000000000000
000000000000000000
000000000000000000
000000000000000000
000000000000000000
000000000000000000
000000000000000000
000000000000000000
000000000000000000
000000000000000000
000000000000000000
000000000000000000
000000000000000000
000000000000000000
000000000000000000
000000000000000000
000000000000000000
000000000000000000
000000000000000000
000000000000000000
000000000000000000
000000000000000000
000000000000000000
000000000000000000
000000000000000000
000000000000000000
000000000000000000
000000000000000000
000000000000000000
000000000000000000
000000000000000000
000000000000000000
000000000000000000
000000000000000000
000000000000000000
000000000000000000
000000000000000000
000000000000000000
000000000000000000
000000000000000000
000000000000000000
000000000000000000
000000000000000000
000000000000000000
000000000000000000
000000000000000000
000000000000000000
000000000000000000
000000000000000000
000000000000000000
000000000000000000
000000000000000000
000000000000000000
000000000000000000
000000000000000000
000000000000000000
000000000000000000
000000000000000000
000000000000000000
000000000000000000
000000000000000000
000000000000000000
000000000000000000
000000000000000000
000000000000000000
000000000000000000
000000000000000000
000000000000000000
000000000000000000
000000000000000000
000000000000000000
000000000000000000
000000000000000000
000000000000000000
000000000000000000
000000000000000000
000000000000000000
000000000000000000
000000000000000000
000000000000000000
000000000000000000
000000000000000000
000000000000000000
000000000000000000
000000000000000000
000000000000000000
000000000000000000
000000000000000000
000000000000000000
000000000000000000
000000000000000000
000000000000000000
000000000000000000
000000000000000000
000000000000000000
000000000000000000
000000000000000000
000000000000000000
000000000000000000
000000000000000000
000000000000000000
000000000000000000
000000000000000000
000000000000000000
000000000000000000
000000000000000000
000000000000000000
000000000000000000
000000000000000000
