111111111100111001
111111111111100010
111111111110001000
000000000110001011
000000000101000011
000000000001000100
111111110100010011
000000000001110000
000000000001101111
000000001001100001
000000000100100001
111111111101111000
000000001101010100
111111111110011100
000000001001111011
000000001001101011
000000001100101000
111111111100111110
000000000100110111
111111111111111110
111111111110111101
111111110001100110
000000000010111110
111111111011101000
111111111100111011
000000000000010011
111111111110001011
000000001011001001
111111110111010010
111111111011111001
000000001101111110
000000000011111000
111111110111010001
000000011000000011
111111101010011100
111111110100110010
000000000000000000
000000000000000000
000000000000000000
000000000000000000
000000000000000000
000000000000000000
000000000000000000
000000000000000000
000000000000000000
000000000000000000
000000000000000000
000000000000000000
000000000000000000
000000000000000000
000000000000000000
000000000000000000
000000000000000000
000000000000000000
000000000000000000
000000000000000000
000000000000000000
000000000000000000
000000000000000000
000000000000000000
000000000000000000
000000000000000000
000000000000000000
000000000000000000
000000000000000000
000000000000000000
000000000000000000
000000000000000000
000000000000000000
000000000000000000
000000000000000000
000000000000000000
000000000000000000
000000000000000000
000000000000000000
000000000000000000
000000000000000000
000000000000000000
000000000000000000
000000000000000000
000000000000000000
000000000000000000
000000000000000000
000000000000000000
000000000000000000
000000000000000000
000000000000000000
000000000000000000
000000000000000000
000000000000000000
000000000000000000
000000000000000000
000000000000000000
000000000000000000
000000000000000000
000000000000000000
000000000000000000
000000000000000000
000000000000000000
000000000000000000
000000000000000000
000000000000000000
000000000000000000
000000000000000000
000000000000000000
000000000000000000
000000000000000000
000000000000000000
000000000000000000
000000000000000000
000000000000000000
000000000000000000
000000000000000000
000000000000000000
000000000000000000
000000000000000000
000000000000000000
000000000000000000
000000000000000000
000000000000000000
000000000000000000
000000000000000000
000000000000000000
000000000000000000
000000000000000000
000000000000000000
000000000000000000
000000000000000000
000000000000000000
000000000000000000
000000000000000000
000000000000000000
000000000000000000
000000000000000000
000000000000000000
000000000000000000
000000000000000000
000000000000000000
000000000000000000
000000000000000000
000000000000000000
000000000000000000
000000000000000000
000000000000000000
000000000000000000
000000000000000000
000000000000000000
000000000000000000
000000000000000000
000000000000000000
000000000000000000
000000000000000000
000000000000000000
000000000000000000
000000000000000000
000000000000000000
000000000000000000
000000000000000000
000000000000000000
000000000000000000
000000000000000000
000000000000000000
000000000000000000
000000000000000000
000000000000000000
000000000000000000
000000000000000000
000000000000000000
000000000000000000
000000000000000000
000000000000000000
000000000000000000
000000000000000000
000000000000000000
000000000000000000
000000000000000000
000000000000000000
000000000000000000
000000000000000000
000000000000000000
000000000000000000
000000000000000000
000000000000000000
000000000000000000
000000000000000000
000000000000000000
000000000000000000
000000000000000000
000000000000000000
000000000000000000
000000000000000000
000000000000000000
000000000000000000
000000000000000000
000000000000000000
000000000000000000
000000000000000000
000000000000000000
000000000000000000
000000000000000000
000000000000000000
000000000000000000
000000000000000000
000000000000000000
000000000000000000
000000000000000000
000000000000000000
000000000000000000
000000000000000000
000000000000000000
000000000000000000
000000000000000000
000000000000000000
000000000000000000
000000000000000000
000000000000000000
000000000000000000
000000000000000000
000000000000000000
000000000000000000
000000000000000000
000000000000000000
000000000000000000
000000000000000000
000000000000000000
000000000000000000
000000000000000000
000000000000000000
000000000000000000
000000000000000000
000000000000000000
000000000000000000
000000000000000000
000000000000000000
000000000000000000
000000000000000000
000000000000000000
000000000000000000
000000000000000000
000000000000000000
000000000000000000
000000000000000000
000000000000000000
000000000000000000
000000000000000000
000000000000000000
000000000000000000
000000000000000000
000000000000000000
000000000000000000
000000000000000000
000000000000000000
000000000000000000
000000000000000000
000000000000000000
000000000000000000
000000000000000000
000000000000000000
000000000000000000
000000000000000000
000000000000000000
000000000000000000
000000000000000000
000000000000000000
000000000000000000
000000000000000000
000000000000000000
000000000000000000
000000000000000000
000000000000000000
000000000000000000
000000000000000000
000000000000000000
000000000000000000
000000000000000000
000000000000000000
000000000000000000
000000000000000000
000000000000000000
000000000000000000
000000000000000000
000000000000000000
000000000000000000
000000000000000000
000000000000000000
000000000000000000
000000000000000000
000000000000000000
111111111101111011
111111111010001010
000000000101100000
111111111110011100
000000000011101010
000000000110010110
000000000100011001
000000000000110111
000000000000001100
111111111101101100
000000000001101110
000000000101011111
000000000110011110
000000000000000011
111111111000011001
111111111000101010
111111111111101111
000000000001010011
111111111101011101
000000001100101111
000000000111010111
111111111101000111
000000000000010100
000000000000110001
111111111111100100
111111111111100100
000000000110000001
111111111111000011
000000000000000010
000000000101100010
111111111101101001
111111111111111000
000000001000011101
111111110100010010
000000000000001010
000000001001010110
000000001101100011
000000000000110111
000000000111001101
000000000001100000
000000000000010100
000000000001000001
000000001001100011
000000000011111111
111111111110010010
000000000000010100
111111111110000010
000000000100100101
000000000011110000
000000000100100110
111111111101110111
000000000100001101
000000000001001011
111111111011010011
000000001010000100
111111111011111010
000000000100111100
000000001001001101
000000000011101111
000000000000000000
000000000000011001
000000000011010010
000000000011110010
000000000001011111
000000000000110101
111111111011111001
111111111001010010
111111111111010000
111111111101110110
111111111010000011
000000000111001100
111111111100010110
000000000101100010
000000000000101100
111111111001000101
111111111110010011
000000000011010011
111111111110100000
000000000010101011
000000000001100010
000000000001101000
111111111110111000
111111111100101110
000000001000010001
111111111111101000
000000000001101101
000000000101100001
000000000000111001
111111111110111010
111111110101111001
000000000100101000
000000000010110110
111111111101100011
000000000100101101
000000000100111111
111111110111101010
111111111101011111
000000000100010110
000000000111101000
000000000101110110
000000000100100100
111111111111101100
000000000011100110
000000000110100000
000000000010000101
000000000101001101
111111110101110110
000000000001010101
111111111101111000
000000001000011001
111111111010010010
111111111010101011
000000000010000100
000000001010110111
111111111010001010
111111111111110101
000000000000010101
000000000100000100
111111110100111111
000000000010111011
000000000000111110
111111111011100001
111111111011111000
000000000000000111
111111111010010010
000000000010110001
111111111100001100
111111111111011111
000000000001000111
111111111100010111
111111111111110011
111111111110000111
111111111100101111
111111111001001001
000000000011000100
111111111011000001
000000000010010110
111111111101101011
111111111011110100
000000000110111001
000000000001011000
111111111111010100
111111111001101011
000000000100110100
111111111110111010
111111111011010001
000000001000101011
111111110001110111
000000000000110001
111111111100011000
000000000110110101
000000000001111010
111111111100101110
111111111110110110
111111111110001000
111111111100011101
111111111010001110
111111111100111000
000000000001101011
000000000000100110
000000000010000010
111111111111101011
000000000011100111
000000000100100011
000000000110001100
111111110101110011
111111111101110001
111111111001110111
111111111101101001
000000000110100001
000000000101111011
000000001011010111
000000000010110001
000000000110110100
000000001001010000
000000000011000010
000000000100001010
000000000100101001
000000000100110001
000000001000010001
111111111100110111
000000000101000000
000000000011000111
000000001001000110
000000000001111001
000000000010011101
000000000010110101
000000000000001100
000000000101110111
000000000000001001
000000001000100110
000000000001101010
111111111111011111
111111111011100000
111111111100101100
111111111100011010
111111111100100111
111111111110010101
111111111101001000
111111110111111110
000000000010011100
111111111111100010
000000000111011011
111111111001100110
000000000101111110
000000000100110100
111111111111000001
000000000011110101
111111111111100111
111111111111100000
111111111000101100
000000000010110101
111111111110011000
111111111000010110
000000001001010100
000000000101111001
000000001001101111
111111111010010100
000000000000001000
111111111100100001
111111111100010101
000000000000101000
000000000001110011
111111111111010000
111111111011001000
000000000010010001
000000000100111001
111111111010111100
111111111111010111
111111110111011001
000000000100000101
000000000011010101
000000000100011111
111111111100101100
000000000010110101
111111111000011010
111111111111001110
000000001000101010
000000000010001110
111111111000011100
111111111110011100
000000000110111001
000000000001010011
111111110100100110
000000000001001100
000000000010101101
000000000101110001
111111110111111111
000000000101101011
000000000100111110
111111111100110100
111111111001111001
111111111100100101
000000000111110000
111111110110101001
000000000011111010
111111111101100110
000000000010110100
111111110111000101
000000000110010010
111111111111110100
111111110110100101
000000000100011011
000000000010001000
000000000010001010
111111111101010010
111111111101000010
111111111101010000
111111111101101110
111111111101011110
000000000000001001
000000000111100000
111111111110100100
000000000010001100
111111111110000101
000000001010001110
111111111111001001
111111111111011111
000000000110011110
111111111010100011
000000000110101100
111111111101000001
000000000000100101
000000000110001010
111111111101000101
000000000010011001
000000000000110100
000000000100100000
111111111011111101
111111111111011000
000000000000011100
000000000000110001
111111111011111001
111111111110000001
111111110101001110
111111111101001010
111111111011100101
000000000000001110
000000000011111010
000000000010000110
111111111100111101
000000000100101100
000000000000011101
000000000100001101
111111111011100011
111111111111011110
111111111100011000
000000000001111100
111111111111110100
111111111100111101
111111111100001111
111111111110001100
000000000000011001
000000000010000100
000000000100000000
000000000001001010
111111111110001110
000000000101100010
111111111111001101
111111111010011000
111111111110101101
111111111110110010
111111111001110101
111111111101001001
111111111110100011
111111111110101101
111111111100001001
000000000000101100
000000000001101110
000000000000101000
111111111001010000
111111111011100100
111111111101101011
000000000000111010
000000000100001001
000000000001101011
111111111110110010
111111111101001100
111111110101011110
111111111111011100
000000000011110010
000000000001110111
000000000100010010
000000000100010011
111111111001110110
111111111111010100
000000001001011110
111111111011011011
111111111101111110
000000000010000100
000000000001111111
111111111100001100
000000000000101101
111111111110001001
111111110100101101
111111111110001111
000000000000100011
111111111101101000
000000000010110000
000000000101010000
111111111100000100
000000000110110001
111111111111010111
000000000000111001
111111111110101101
111111111111111101
111111111111111101
000000000000010011
111111111011001101
111111111001111100
000000000101000101
000000001001010101
000000000001101001
000000000010111101
111111111010001111
111111111111010010
111111111111010011
111111110110110111
111111111101010110
111111111100000101
111111111111000010
000000000000110000
000000000101111111
000000000001000110
000000000010100000
111111111111111100
111111110101101100
111111111100111101
111111111011111001
111111111111000100
111111111011010011
000000000000110001
000000000001010011
000000000101100011
000000001011110001
000000001001001100
000000001001111000
000000001010101111
000000001011000100
000000000000110011
000000000000010010
000000000100111111
000000000111001100
000000000100010000
000000000100110100
000000000000010100
111111110111001101
000000000001111011
000000000000100011
000000000001000110
000000000000100110
000000000000101110
111111110110101110
000000000000100001
000000001010001101
000000000010000100
000000000001100100
000000000000100100
000000000110110111
000000000101100001
000000000100011101
000000001001110011
000000001000101011
111111111101000101
000000000000111101
111111111111001000
111111111011010011
000000000001000010
000000000010000011
000000001010111010
000000000001101000
000000000001101100
000000000010010111
111111111011100111
111111111100000010
111111111101010101
111111111010100011
000000000011100011
111111111010010111
000000000000001000
111111111111010010
111111111101111111
000000000001011101
111111111001000110
000000000000100010
000000000010010100
111111111110110110
111111110110000000
111111111101011101
111111111100110111
000000000010101110
111111111100100110
111111111011011110
000000000110101111
000000000000111010
000000000101010111
000000000000000001
000000000001001100
000000000000100110
000000000011110011
000000000000101111
000000000000110110
000000000001101100
000000000011100000
000000000000010100
000000000000001011
111111111111101111
000000001000100001
111111111111101001
000000000010101111
111111111100101000
111111111111111011
111111111110000010
111111110010011111
111111111111111111
111111111111111101
111111111101101000
000000000101110110
000000000011100010
111111111101110000
000000000010111001
111111111111111001
000000000011011011
000000000011100000
000000000010001001
000000000011110111
000000001001001110
000000001010101110
000000001001010001
111111111011111001
000000000110101000
000000000010101101
000000000011111001
000000000011111100
000000000010110111
111111111111001111
000000000000011001
111111111110010100
111111110100000001
111111110111110011
111111111110010101
111111111111000101
111111111010110110
111111111100111011
000000000101101110
000000000000111111
111111111101010110
111111111101000001
111111111111000101
111111111100100101
111111111011100011
000000000001011100
000000000001100101
000000000011111110
111111111011011000
111111111101101010
111111110101111000
111111111111011101
111111111010010110
000000000100010011
111111111101011100
111111111100101010
111111111101000111
000000000000000111
111111111011010101
111111111100110010
000000000101010101
111111111101001111
111111111110101011
000000000010100011
111111111111001000
000000000010000100
000000001010010000
000000000110000001
111111111100001101
000000000011101100
000000000001100000
111111111000010011
111111110110100010
111111111111101001
000000000000101010
111111111101000111
111111111000000111
000000000100000100
111111111111001011
000000000001111011
111111111011100001
111111111011010000
000000000001010011
000000000001110110
111111111101101101
111111111100111010
111111111011101100
111111111111100111
111111111011111111
000000000001101101
111111111110000001
111111111111011101
111111111101010101
111111111100101010
000000000010101001
111111111110100011
000000000000011001
000000000011100100
000000000000100000
111111111110000001
000000000010100011
000000000010100110
000000000011101011
111111111110110110
000000000011101100
111111111100011000
000000000011001011
000000000010111000
000000000000110000
000000000001111001
111111111100011000
111111111111101110
000000000001110101
000000000010011111
111111111110110111
111111111110001011
111111111100001000
000000000010101110
111111111111111000
111111111101111001
000000000100110011
000000000101000111
111111111011111100
111111111100111101
000000000010100010
111111111100111011
000000000001011001
111111111110111010
111111111101100010
111111111111001010
000000000100101010
111111111101101001
000000000010111100
111111111110000111
111111111101101001
000000000000010011
000000000011101000
000000000001100000
000000000001111000
000000000010101111
111111111001000000
111111111110100110
111111111111101001
000000000001011001
000000000010101001
111111111101001000
000000000000001011
000000000100111111
000000000010111111
000000000001111011
000000000001001110
000000000010111001
000000000011010011
000000000001101000
000000000011110001
111111111110001011
000000000010100011
000000000001011001
000000000001010011
111111111101101001
111111111101001001
111111111111111001
111111111110101001
111111111111000110
111111111111111001
000000000011011000
000000000101110110
000000000010001001
111111111101001010
111111111110100011
111111111110001000
111111111111011101
111111111110000101
111111111111111000
000000000000010000
000000000011110111
000000000001010001
111111111000110110
000000000000101110
111111111111111101
111111111101001101
000000000000101101
000000000010000011
000000000111101110
000000000011001101
111111111110000110
111111111100000101
111111111110111000
111111111101010011
111111111111110000
111111111111110111
111111111010010101
111111111100001100
000000000000110010
111111111111111110
111111111111001000
111111111010001110
000000000010110000
111111111111110110
000000000010001100
111111111011101100
000000000001001001
000000000100101001
111111111101001101
111111111101001010
111111111111110111
111111111110001000
111111111110100001
111111111110100110
111111111111011111
111111111110110111
000000000011100010
111111111001011001
111111111111111000
111111110111101110
000000000010010010
111111111111111001
111111111011010001
111111111110011011
111111111001011010
000000000101110001
000000000100101011
111111111111100101
111111111110001110
000000000000010111
111111111110010000
111111111101000100
111111111100110001
111111111011011000
111111111111111000
111111111100101100
111111111010011100
111111111010010010
000000000001110010
111111111110100110
111111111011100111
111111111110101100
000000000001000100
000000000011001000
000000000000100011
111111111110111111
111111111101101010
111111111111101111
000000000001011101
111111111101111001
000000000010000011
000000000011010101
111111111111001100
000000000010001001
111111111111000001
000000000010011100
111111111111110111
111111111100100101
000000000000110111
000000000111100101
000000001101101001
000000011111100011
000000000011101011
000000001000011101
000000010000001110
000000000111000000
000000000111000110
000000001000101001
000000000001001110
000000000001001000
000000000011110101
000000000000101001
000000000000111010
000000000000001010
000000000000001110
111111111101011011
000000000011000100
111111111101111010
111111111101110110
111111111110100111
000000000000100000
111111111101001101
000000000000110001
111111111110000110
000000000001100101
000000000000000000
111111111111100010
111111111101001101
000000000101001101
000000000010000101
111111111111100100
111111111101010100
000000000001001010
111111111111110111
000000000000011101
000000000010100011
000000000001101001
000000000011011011
000000000001011011
111111111111101110
111111111100000100
111111111110100011
111111111011100011
000000000010010100
111111111110000010
000000000001111101
000000000011110001
111111111100010010
111111111111110000
111111111101010101
111111111110111101
000000000001010001
111111111111110110
000000000000101100
111111111110001101
000000000001100000
111111111111111100
000000000000101011
000000000000111011
000000000000000011
000000000001111010
000000000001101000
111111111101010100
111111111110111101
000000000001000001
000000000000100000
111111111110000111
111111111110101100
111111111101011100
111111111110010010
111111111101011010
111111111100111100
000000000010101111
000000000011101001
111111111100100100
000000000001010110
000000000000101100
000000000000100011
000000000001010100
111111111111010000
000000001100010100
000000010100110010
000000101000010101
000000000110101100
000000001010001000
000000001101010011
000000000100011010
000000000100001010
000000000111001110
111111111111111101
111111111110110011
000000000110100100
111111111100110100
111111111011010000
000000000010100010
000000000100010001
111111111100010100
111111111111100100
000000000001010011
000000000001101011
000000000000100000
111111111110000101
000000000000010110
111111111101100100
111111111111001010
111111111111100011
000000000100010110
000000000100101011
000000000001001110
000000000001100111
000000000000010101
111111111110000110
000000000000011111
111111111101010001
111111111110101000
111111111001100000
000000000000100101
000000000001100100
000000000010101010
111111111111101101
000000000000000000
111111111110101111
111111110101111101
111111111001110110
111111111011001111
000000000000000101
000000000001010001
000000000101011101
000000000010011110
111111111111011011
000000000000111111
000000000000110100
111111111110010110
111111111110100011
000000000010000011
111111111111010110
000000000100011111
000000000000010111
000000000000111101
000000000000000010
000000000000011001
111111111111011001
000000000001011010
111111111110110110
000000000001110111
000000000010011100
111111111111011101
111111111110100111
111111111111001110
111111111110010101
111111111111111110
111111111111000111
111111111110111111
111111111110111110
000000000010000100
000000000000000110
111111111111111100
111111111111111110
000000000000000011
111111111111111110
000000000000000011
000000000000000010
000000000000000001
000000000000010000
000000000000010001
000000000000001110
000000000000001000
111111111111111111
111111111111110101
111111111111111110
000000000000000000
000000000000000010
000000000000001100
000000000000000101
111111111111111100
000000000000001011
000000000000010001
000000000000001000
000000000000000011
111111111111100111
111111111111101110
000000000000001001
000000000000000100
000000000101001101
000000000101101011
000000000000000011
000000000010100110
000000000100110111
000000000011010110
000000000011101010
000000000000010001
000000000000000001
111111111111111100
000000000000000100
000000000000000010
111111111111110111
111111111111111101
111111111111111000
111111111111111110
111111111111111101
000000000000000010
000000000000001001
111111111111111001
000000000000001101
000000000000000001
111111111111111010
000000000000111000
000000000000000101
111111111111010001
000000000011100010
000000000010010000
111111111111011101
111111111111110000
111111111111100101
111111111110111011
000000000001011011
000000000000001011
000000000001100010
111111111111111111
000000000001010110
111111111111110001
000000000001000100
111111111111101001
111111111111011000
000000000011001010
000000000101001110
000000000010110000
000000000000000111
111111111111111101
000000000000000110
000000000000000001
000000000000000000
000000000000000000
000000000000001011
000000000000000000
000000000000000110
000000000000000111
000000000000000110
000000000000001100
111111111111100000
000000000000111000
111111111111101001
000000000001010101
111111111111101100
000000000000100111
111111111111110101
000000000000000001
111111111111111001
111111111110111011
000000000000011100
000000000000100000
111111111111111100
111111111111111011
000000000000000100
000000000000000001
000000000000010110
000000000000001100
000000000000000111
000000000000010100
000000000000001000
000000000000000111
111111111111111111
111111111111111110
111111111111111110
111111111111111010
111111111111111111
111111111111110101
000000000000000011
111111111111111110
111111111111111011
111111111111111101
000000000000000101
000000000000000111
111111111111110111
111111111111111101
111111111111111100
111111111111111110
000000000000001000
111111111111111110
111111111111111100
000000000000000000
000000000000000011
000000000000000010
000000000000000010
000000000000000100
000000000000000011
000000000000001010
111111111111111010
111111111111111100
111111111111111110
111111111111111101
000000000000000100
000000000000000000
000000000000000110
111111111111111110
000000000000000001
000000000000000110
000000000000001001
111111111111111110
000000000000000111
111111111111111101
000000000000000000
000000000000000010
111111111111110110
111111111111111000
111111111111110010
111111111111110111
000000000000000101
111111111111111011
111111111111110110
111111111111111101
000000000000000000
111111111111111110
000000000000001011
000000000000000111
000000000000000010
111111111111111001
111111111111111010
111111111111111110
111111111111110110
111111111111110011
111111111111111101
111111111111111010
111111111111111001
000000000000001001
000000000000000100
000000000000001000
111111111111110010
111111111111110011
111111111111110111
000000000000000010
111111111111111100
000000000000000010
111111111111111010
111111111111111000
000000000000000000
000000000000000000
000000000000000000
000000000000000000
000000000000000000
000000000000000000
000000000000000000
000000000000000000
000000000000000000
000000000000000000
000000000000000000
000000000000000000
000000000000000000
000000000000000000
000000000000000000
000000000000000000
000000000000000000
000000000000000000
000000000000000000
000000000000000000
000000000000000000
000000000000000000
000000000000000000
000000000000000000
000000000000000000
000000000000000000
000000000000000000
000000000000000000
000000000000000000
000000000000000000
000000000000000000
000000000000000000
000000000000000000
000000000000000000
000000000000000000
000000000000000000
000000000000000000
000000000000000000
000000000000000000
000000000000000000
000000000000000000
000000000000000000
000000000000000000
000000000000000000
000000000000000000
000000000000000000
000000000000000000
000000000000000000
000000000000000000
000000000000000000
000000000000000000
000000000000000000
000000000000000000
000000000000000000
000000000000000000
000000000000000000
000000000000000000
000000000000000000
000000000000000000
000000000000000000
000000000000000000
000000000000000000
000000000000000000
000000000000000000
000000000000000000
000000000000000000
000000000000000000
000000000000000000
000000000000000000
000000000000000000
000000000000000000
000000000000000000
000000000000000000
000000000000000000
000000000000000000
000000000000000000
000000000000000000
000000000000000000
000000000000000000
000000000000000000
000000000000000000
000000000000000000
000000000000000000
000000000000000000
000000000000000000
000000000000000000
000000000000000000
000000000000000000
000000000000000000
000000000000000000
000000000000000000
000000000000000000
000000000000000000
000000000000000000
000000000000000000
000000000000000000
