000000000110100011
000000000111101111
111111111101110110
111111111110001111
111111111100101100
000000000000100010
111111111011100000
111111110110011010
000000000101000110
000000000000011101
111111111111101001
000000000111111010
000000000000100001
111111111010101111
000000010000010111
111111111001111110
111111111110110000
111111111110100011
111111110111110001
111111111110100011
111111111101111000
000000000011001010
000000000010110101
111111111111101001
000000000010001111
111111111111111010
111111111101000001
111111111110111110
000000010000011111
111111111001011101
000000001100101110
111111110001000101
000000010010001101
000000001000100110
111111111010011101
000000000101101010
111111111001010100
111111111101100010
111111111100111111
111111111000111000
111111111100000100
111111110111110111
111111110101101110
000000001010010000
000000000010001011
111111111011000100
111111111011111111
000000000000010000
111111111111001010
111111111110111000
111111111001111100
000000000011101101
111111111110011010
111111111100011010
111111111101001110
000000000000001111
000000000001100001
000000000011101100
111111111110101000
000000000000001111
111111110110110100
111111111111000011
000000000000010111
000000000011001010
000000000010001011
000000000010110001
000000000000101100
111111111100111000
000000001010111110
000000000010111110
111111111100101111
111111111110000101
111111111100010110
000000000100010011
000000001001010111
000000000101000100
000000000011010001
111111111111110101
000000001010101001
000000000001001000
000000000000000010
000000000110011010
000000000010001100
000000000001111000
111111111101001111
111111111111011101
111111111100111001
000000000010110110
111111110110011110
111111111110101110
000000000001100001
000000000101001010
000000000101001000
000000000101010001
000000000100001111
000000000001110101
000000000100101101
000000001010010110
000000000110010001
000000000001000101
000000000001110110
000000000001010111
000000000111100100
000000000000111010
111111111101000000
111111111110010010
111111111111101110
000000000010110011
000000001000100101
000000000101000010
000000000001101111
000000000111000000
000000001100010000
000000000000111001
000000001001000111
000000001011000100
000000000010101101
000000000011100100
000000001110000001
000000000110000100
000000000101101001
000000000001000010
111111111110010110
000000000101110010
111111111101110110
000000000010110000
111111111100111010
000000001000001010
111111111001101100
000000000111010000
000000000100100000
111111111100110100
000000000011010011
000000000010111011
111111110111011111
111111111111111001
000000000000001110
000000000111011101
111111111110110100
000000000011001111
111111111001111010
000000000010000010
000000000110010001
000000000100100001
111111111111110000
000000000001010000
111111111110101101
000000000011000000
111111111110101101
000000000011101000
000000000000101000
000000000000010100
111111110111000111
111111111110101010
000000000100000000
111111111110101100
111111111111000000
111111111110100001
111111110111010100
000000000110111111
000000000101010101
000000000010011010
111111111100111101
000000000001010111
111111111100000011
000000001001101010
111111111100110111
111111111111001011
000000000101000010
111111111101111100
111111111101101100
000000000010001110
111111111010111100
111111111110100001
111111111001010100
000000000000100110
000000000000100011
000000000000110111
000000001000111110
111111111001101100
111111110111000111
111111111100110110
000000000000010000
000000000010110100
000000000010101001
000000000000100001
111111111010110001
000000001001100010
000000000101010001
000000001000100010
111111111010011001
111111110111010011
111111111010000110
111111111010110100
111111110110110110
000000000011001001
111111101101010000
000000000001010110
000000001010010011
000000000001010001
111111111101110101
000000000001100010
111111111011101011
000000000010000000
000000000011101001
000000000100000001
111111111100111100
000000001001000100
000000001000100111
000000001100010111
000000001110111000
000000001110111010
000000000111001011
000000010000011110
000000001100110111
000000001001111011
000000000110111110
000000000000111011
000000000011011000
000000001001100001
000000001101011101
000000000110000100
000000000110111101
000000000101110011
000000000111010011
111111111101000011
111111111110001100
000000000001100101
000000000010000111
000000000101101110
111111111110110001
111111111110001000
111111111001110111
000000000000110110
111111111100010000
000000000001111001
000000000011011111
000000000011111010
111111111011000000
111111111111001111
111111111000110000
000000000100110011
000000000110010110
000000000110100111
000000000001011101
111111111111000001
111111111011011010
111111111011111110
111111111101110000
000000000001010101
111111111111111101
111111111111000010
000000000001110011
000000000000111010
000000000011100010
111111111100101100
000000000010100111
000000000000100100
111111111100010101
111111111110110011
000000000001000100
000000000101001010
111111111111111010
111111111111011100
111111111110001111
111111111111100000
000000000001111000
111111111111011010
000000001011011000
111111111110110110
111111111101100011
000000001001001010
000000000101010011
000000000011001010
111111111111010011
111111111011100100
111111111100111100
000000000101110101
000000000011101111
000000001001011111
111111111100001111
111111111011101000
111111111101100001
111111111111110110
111111111101000111
000000000010101111
000000001001010010
000000000010100101
000000000000001100
111111110101101001
111111111110000011
111111111100011011
000000001000001000
000000000010111011
111111111101011010
111111111100001111
111111111010100001
111111111110010001
000000000100110101
111111111101110100
111111111110011010
000000000010101111
000000000000101000
000000000101001001
000000000001000110
000000000010100111
111111111001011110
111111111101100100
111111111011110001
000000000010000011
000000000011010110
000000000111100011
000000000110111100
111111111010100000
000000001100110000
000000001001110010
000000001010101011
000000000011101000
000000000100000000
000000000000010011
111111111110111101
000000000010010100
000000000000000111
111111111101110000
000000000100011001
111111111110001111
000000000100010000
111111111110001001
111111111101101101
000000000110001001
000000000010001110
111111110110011100
111111111100110000
111111111111000000
000000000010101010
111111111111010111
000000000000000011
000000000010001110
000000000011011101
111111111110001010
111111111110111001
000000000110100000
000000000010111101
111111111111101001
111111111100011100
111111111011000110
000000000011110001
111111111100001000
111111111111111000
111111111110111111
000000000001001000
000000000110011111
111111111110100111
000000000001110001
000000000000101011
000000000010001000
111111111110110011
111111111000001111
111111111111001000
111111111100111000
111111111100001010
000000000001110000
111111111010000010
111111111101000000
111111111001001101
000000000011101111
000000000001010011
111111111000110010
000000000101101001
000000000011111011
111111111110100011
111111111101011101
111111111111001110
000000000101010110
111111111000001000
111111111100111110
111111111011011001
111111111100010111
111111111111001100
000000000000100000
000000000001010001
111111111011111010
000000000110010111
111111111101011110
000000000001001100
000000000011110111
000000000000101011
000000000010000011
000000000101000111
000000000100010100
111111111010000011
111111111100010011
000000000000111010
111111111000011101
111111111100011011
000000000010101011
111111110111001110
111111111011100111
111111111010111110
111111111010101100
000000000010110100
111111110110010011
111111111001100001
000000000011010111
111111111101001111
111111110111110101
000000000000111100
000000000001011000
111111111110001001
000000000011000100
000000000000001000
111111111110101001
111111111100110101
111111111101010110
111111111100001111
111111111100100111
111111111011111011
000000000000001100
000000000011010110
111111111011110010
111111111100010010
000000000011100001
111111111110001011
000000000100011110
111111111101100011
111111111110001001
111111111101011111
111111111001100000
111111111111111010
000000000111011100
000000000010100111
000000000011001000
000000000001011100
000000000100110101
000000001001000111
000000000011101100
111111111100000000
000000000111111011
000000000100010000
000000000101001001
000000000111001110
111111110111110011
111111110110100011
111111111111000110
000000000000011011
111111111110001110
000000000111101100
000000000000001001
000000000010101100
000000000010000000
000000000100110110
000000000000000100
000000001000010000
000000000011010010
000000000100101001
000000001001100111
000000000001100010
000000001000001011
000000000110000101
000000000101000111
000000000011100100
111111111111100111
000000000001100111
111111111101011101
000000000000010010
111111111110110101
000000000001011011
000000000000011101
111111111110011011
111111111110000011
111111111001111010
111111111011010100
111111111111000011
000000000010100001
000000000001101100
000000000011000001
111111111110001100
111111111110010011
000000000011001110
111111111000111001
111111111111011101
111111111110011000
000000000001010010
111111111100100111
111111111011111110
000000000001000000
000000000000100100
000000000101000001
111111111100011110
000000000001111001
000000000000001010
000000000010010010
000000000001011010
000000000001101000
000000000011111001
111111111110110100
000000000110100110
111111111111010110
111111111011000011
000000000101010110
000000000011001100
000000000011111111
000000000011011011
000000000001100011
111111111111100011
000000000001011110
111111111110011110
000000000110000011
111111111111110100
111111110101001110
000000000000010000
111111111011110001
111111111001001000
111111111111100100
000000000010011111
000000000000110000
111111111110011000
111111111100111100
000000000110000011
111111111010100010
000000000011010100
000000000011001000
000000000100000000
000000000110000011
000000001010100011
000000000000100011
000000000100101001
000000000100101001
000000000001110010
000000000000111101
000000000100110111
000000000001011001
000000000000000110
000000000001101101
000000000011001011
000000000001001011
111111111001000011
111111111100000111
000000000000100011
111111111110011011
000000000100001101
111111111111111111
111111111011111101
000000000000111101
111111111011111011
000000000001010000
000000000010100111
000000000001000111
111111111111001010
000000000001110001
000000000100010111
111111111100100101
000000000010010001
111111111001001110
000000000000010001
111111111110101110
111111111111001001
111111111011100010
111111111111001011
000000000011111001
000000000001011000
111111111110100011
111111111100100000
000000000010011011
000000000001111010
000000000000100010
000000000011001110
000000000110010111
000000000011011000
000000000100100010
000000000010110110
111111111111001100
000000000010111110
111111111110110011
000000000100000010
111111111111000110
111111111100011001
000000000100011001
111111111010100110
111111111110100011
111111111100101000
111111111110010010
000000000000010001
111111111110010000
000000000010011100
000000000010010100
000000000010011111
000000000000000000
000000000000110011
111111111000001010
111111111100011000
000000000001111010
111111111111101001
111111110101001010
000000000001011001
000000000001101111
111111111100011011
000000000010111010
111111111001100011
111111110111010111
000000000001010100
000000000001001100
111111111010001010
000000000010101011
111111111111110010
000000000101000011
000000000100001100
000000000010000010
111111111101001000
111111111101111110
111111111100110011
111111111110110111
000000000000000001
111111111111111001
111111111111110011
000000000000011000
111111111111111111
000000000000010001
000000000000010001
111111111111111000
000000000000010100
000000000000010001
111111111111101011
000000000000010111
111111111111110001
000000000000011001
000000000000001011
000000000000001010
111111111111111001
000000000000001000
000000000000000011
000000000000000111
000000000000000101
111111111111111111
000000000000010000
111111111111111110
111111111111110001
111111111111111111
000000000000001100
000000000000000011
000000000000000000
111111111111101111
000000000000000100
111111111111111011
111111111111111000
000000000000011001
000000000000000101
000000000000001010
111111111111111100
111111111111111001
000000000000000010
000000000000000000
111111111111110101
111111111111111000
000000000000000101
000000000000001111
000000000000001101
111111111111111111
000000000000000101
000000000000010101
000000000000000010
000000000000000001
000000000000000010
000000000000011110
000000000000010111
000000000000101011
000000000000000010
000000000000000110
000000000000000000
000000000000000001
111111111111111011
111111111111110001
111111111111111001
000000000000001101
000000000000000111
000000000000001000
000000000000000010
111111111111101111
111111111111111111
000000000000001110
000000000000000011
111111111111111001
000000000000000101
111111111111101110
000000000000000011
000000000000001011
000000000000001000
000000000000001111
000000000000001000
000000000000001110
000000000000001100
000000000000001101
111111111111111010
111111111111110010
000000000000000111
111111111111111111
111111111111111010
111111111111111000
000000000000011000
000000000000010001
111111111111110110
111111111111110010
000000000000011110
111111111111111000
000000000000000110
000000000000001100
000000000000010001
000000000000000100
000000000000001100
000000000000001001
000000000000000111
111111111111111110
000000000000010110
111111111111110110
111111111111100110
111111111111111010
111111111111101010
111111111111111010
111111111111110010
111111111111111000
111111111111111100
000000000000010000
000000000000001011
000000000000010101
000000000000001010
000000000000010010
000000000000000011
000000000000011100
000000000000000001
000000000000001111
000000000000000110
111111111111110111
000000000000000001
000000000000001001
000000000000001010
000000000000000011
000000000000001001
000000000000010110
000000000000010101
111111111111110001
000000000000001101
111111111111101010
000000000000000010
111111111111110100
000000000000000100
000000000000001111
000000000000000110
000000000000001110
000000000000000110
111111111111111000
111111111111110000
000000000000010010
111111111111111010
000000000000001001
000000000000000110
000000000000001000
000000000000011001
111111111111111111
000000000000010100
000000000000011001
000000000000000011
000000000000100111
000000000000101000
000000000000011001
000000000000011110
000000000000001011
111111111111111101
000000000000100011
111111111111011010
000000000000010011
000000000000000101
000000000000000111
000000000000000000
000000000000010011
111111111111111100
111111111111110011
000000000000000111
000000000000000110
111111111111111011
111111111111111100
000000000000000100
111111111111111011
000000000000000011
000000000000000111
000000000000010110
000000000000011001
000000000000001000
000000000000000010
111111111111101001
000000000000000110
111111111111111101
111111111111110010
111111111111110010
111111111111111100
111111111111110010
000000000000000111
111111111111100100
111111111111111011
000000000000000000
111111111111111100
111111111111101101
000000000000000101
000000000000000100
000000000000000111
111111111111111100
111111111111111010
000000000000010001
111111111111101110
000000000000000100
111111111111110101
000000000000001111
000000000000001000
000000000000000101
111111111111111001
111111111111101111
000000000000001110
000000000000001011
000000000000000011
000000000000101100
000000000000000011
111111111111111010
111111111111111110
000000000000011011
111111111111111011
111111111111111110
111111111111111001
000000000000000010
000000000000001001
111111111111101111
000000000000001000
000000000000001100
000000000000000110
000000000000001011
000000000000001110
000000000000000101
111111111111110110
000000000000001100
000000000000101110
000000000000101011
111111111111110011
000000000000011100
000000000000000111
111111111111110001
000000000000110111
000000000000001001
000000000000011001
000000000000010010
000000000000000010
111111111111111110
000000000000000010
000000000000001010
000000000000000100
111111111111111000
000000000000010011
111111111111110100
111111111111101011
111111111111110000
111111111111110001
111111111111111100
000000000000001101
111111111111110110
000000000000001100
111111111111110011
000000000000000000
000000000000010100
000000000000001011
111111111111111010
000000000000001011
111111111111111101
000000000000001110
000000000000001100
000000000000000100
111111111111110001
000000000000001101
000000000000010001
111111111111111101
111111111111110111
111111111111101010
111111111111100010
111111111111101100
111111111111110110
111111111111100111
000000000000000111
111111111111110110
000000000000000101
111111111111110101
000000000000000000
111111111111111010
111111111111111101
111111111111111011
000000000000010101
111111111111110000
111111111111110010
111111111111110001
111111111111111001
111111111111101011
111111111111111000
111111111111111100
111111111111111001
111111111111111000
000000000000100100
000000000000001001
000000000000100001
111111111111111011
000000000000000001
000000000100010010
000000000101010101
000000000100111011
000000000000100000
111111111110111110
000000000000001101
000000000000101000
111111111111111110
000000000000000110
000000000000000111
000000000000001010
000000000000000011
000000000000000000
111111111111111011
111111111111110001
000000000000000000
000000000000000010
000000000000000101
000000000000000101
000000000000000110
000000000000000010
000000000000000110
000000000000010100
000000000000001100
000000000000000101
000000000000000110
000000000000000100
000000000000000000
111111111111111010
111111111111111110
000000000000000010
000000000000001011
111111111111010011
000000000000011011
000000000000000000
111111111111010000
000000000000001111
000000000000000001
000000000000001100
000000000000101111
111111111111100011
111111111111101010
000000000000010010
111111111111111001
000000000000000110
000000000000001000
000000000000010010
000000000000000000
000000000000000010
111111111111111011
111111111111110001
111111111111111100
111111111111111111
000000000000000001
000000000000001101
000000000001111000
000000000101001110
000000000101011011
000000000001110111
111111111111100111
111111111111011001
000000000010000101
000000000000101000
111111111111101100
000000000000111100
000000000010000001
000000000000010101
111111111111111100
000000000000000000
000000000000000001
000000000000010101
111111111111110101
111111111111111000
111111111111110000
111111111111101111
111111111111101111
111111111111111100
111111111111110110
111111111111111001
000000000000000101
111111111111111111
111111111111111000
000000000000001001
000000000000001001
000000000000001101
000000000000001100
111111111111111110
111111111111111100
000000000000001100
111111111111111011
111111111111111111
111111111111111101
111111111111111100
000000000000000101
000000000000001110
111111111111111110
111111111111111011
000000000000000100
000000000000001001
111111111111111111
111111111111111111
000000000000001111
111111111111111111
111111111101011100
000000000000000011
111111111111101111
111111111111111100
000000000000011010
000000000011101101
000000000101010001
000000000001101101
000000000001011011
000000000000110000
000000000001011111
000000000011000000
000000000000000111
111111111111111110
111111111111111101
111111111111111110
000000000000000000
111111111111111111
111111111111111101
000000000000000001
111111111111111111
111111111111110010
111111111111110111
000000000000000001
000000000100110000
000000000100000110
000000000011110100
000000000001100100
111111111111011100
000000000001011111
111111111111001001
000000000001011100
111111111111011101
000000000000000110
111111111111100000
000000000011010000
111111111111111011
111111111111110010
111111111111110111
111111111111111000
111111111111110010
111111111111110111
111111111111111110
111111111111111101
111111111111111010
000000000000000010
000000000000001101
111111111111111101
111111111111110110
111111111111110011
111111111111111010
111111111111110111
111111111111111000
000000000000000110
111111111111110111
111111111111100111
111111111111111001
000000000000001001
000000000000000010
111111111111111011
111111111111111011
111111111111111111
000000000000000100
000000000000000011
111111111111110110
111111111111111111
000000000000000111
000000000000000011
000000000000000000
000000000000000001
000000000000000000
111111111111111011
000000000000001000
000000000000000000
000000000000000110
000000000000001100
111111111111111001
000000000000001000
000000000000001111
000000000000000110
111111111111111110
111111111111111110
000000000000000100
111111111111110111
