111111111100000101
000000000011101000
111111111010010000
111111111111010001
111111111111100101
111111111100111101
000000000111001110
000000000000010101
111111111111101001
000000000001100110
111111111110111010
000000000110100111
111111111100100100
000000000010000110
111111111110110101
000000000011010000
000000001101101001
000000000111001001
111111111110100110
111111111000100000
000000000010110010
111111110111110111
111111111110111100
111111111100101000
000000000011111101
000000000000100010
111111111111110100
111111010101010111
111111011100111001
111111111011100101
111111110001011010
111111001001100100
111111100100101110
111111101000000110
111111100100100001
111111011001100100
000000000000000000
000000000000000000
000000000000000000
000000000000000000
000000000000000000
000000000000000000
000000000000000000
000000000000000000
000000000000000000
000000000000000000
000000000000000000
000000000000000000
000000000000000000
000000000000000000
000000000000000000
000000000000000000
000000000000000000
000000000000000000
000000000000000000
000000000000000000
000000000000000000
000000000000000000
000000000000000000
000000000000000000
000000000000000000
000000000000000000
000000000000000000
000000000000000000
000000000000000000
000000000000000000
000000000000000000
000000000000000000
000000000000000000
000000000000000000
000000000000000000
000000000000000000
000000000000000000
000000000000000000
000000000000000000
000000000000000000
000000000000000000
000000000000000000
000000000000000000
000000000000000000
000000000000000000
000000000000000000
000000000000000000
000000000000000000
000000000000000000
000000000000000000
000000000000000000
000000000000000000
000000000000000000
000000000000000000
000000000000000000
000000000000000000
000000000000000000
000000000000000000
000000000000000000
000000000000000000
000000000000000000
000000000000000000
000000000000000000
000000000000000000
000000000000000000
000000000000000000
000000000000000000
000000000000000000
000000000000000000
000000000000000000
000000000000000000
000000000000000000
000000000000000000
000000000000000000
000000000000000000
000000000000000000
000000000000000000
000000000000000000
000000000000000000
000000000000000000
000000000000000000
000000000000000000
000000000000000000
000000000000000000
000000000000000000
000000000000000000
000000000000000000
000000000000000000
000000000000000000
000000000000000000
000000000000000000
000000000000000000
000000000000000000
000000000000000000
000000000000000000
000000000000000000
000000000000000000
000000000000000000
000000000000000000
000000000000000000
000000000000000000
000000000000000000
000000000000000000
000000000000000000
000000000000000000
000000000000000000
000000000000000000
000000000000000000
000000000000000000
000000000000000000
000000000000000000
000000000000000000
000000000000000000
000000000000000000
000000000000000000
000000000000000000
000000000000000000
000000000000000000
000000000000000000
000000000000000000
000000000000000000
000000000000000000
000000000000000000
000000000000000000
000000000000000000
000000000000000000
000000000000000000
000000000000000000
000000000000000000
000000000000000000
000000000000000000
000000000000000000
000000000000000000
000000000000000000
000000000000000000
000000000000000000
000000000000000000
000000000000000000
000000000000000000
000000000000000000
000000000000000000
000000000000000000
000000000000000000
000000000000000000
000000000000000000
000000000000000000
000000000000000000
000000000000000000
000000000000000000
000000000000000000
000000000000000000
000000000000000000
000000000000000000
000000000000000000
000000000000000000
000000000000000000
000000000000000000
000000000000000000
000000000000000000
000000000000000000
000000000000000000
000000000000000000
000000000000000000
000000000000000000
000000000000000000
000000000000000000
000000000000000000
000000000000000000
000000000000000000
000000000000000000
000000000000000000
000000000000000000
000000000000000000
000000000000000000
000000000000000000
000000000000000000
000000000000000000
000000000000000000
000000000000000000
000000000000000000
000000000000000000
000000000000000000
000000000000000000
000000000000000000
000000000000000000
000000000000000000
000000000000000000
000000000000000000
000000000000000000
000000000000000000
000000000000000000
000000000000000000
000000000000000000
000000000000000000
000000000000000000
000000000000000000
000000000000000000
000000000000000000
000000000000000000
000000000000000000
000000000000000000
000000000000000000
000000000000000000
000000000000000000
000000000000000000
000000000000000000
000000000000000000
000000000000000000
000000000000000000
000000000000000000
000000000000000000
000000000000000000
000000000000000000
000000000000000000
000000000000000000
000000000000000000
000000000000000000
000000000000000000
000000000000000000
000000000000000000
000000000000000000
000000000000000000
000000000000000000
000000000000000000
000000000000000000
000000000000000000
000000000000000000
000000000000000000
000000000000000000
000000000000000000
000000000000000000
000000000000000000
000000000000000000
000000000000000000
000000000000000000
000000000000000000
000000000000000000
000000000000000000
000000000000000000
000000000000000000
000000000000000000
000000000000000000
000000000000000000
000000000000000000
000000000000000000
000000000000000000
000000000000000000
000000000000000000
000000000000000000
000000000000000000
000000000000000000
000000000000000000
000000000111011110
111111111100000000
000000000101001100
000000000101001011
111111111001011000
111111111000101000
111111111100110000
000000000001011000
111111111110110010
000000000100101001
111111111010111000
111111110110100010
111111111100101010
111111111111010111
111111111110010101
000000000111110001
111111111011010101
111111111110101101
000000000011000000
111111111011100110
111111111110011111
111111111111010101
000000000011011011
111111111110011010
111111111100001010
000000000001100111
000000000011001100
111111111100110011
000000000001111011
000000000000000111
111111111001011001
000000000001101100
111111111011100100
111111111011001110
000000000110100010
111111111011010010
000000000001100010
111111111001101111
000000000000010101
000000000011001110
000000000011010001
000000000000001000
000000000101001000
111111111101101110
000000000100000010
111111111101001010
111111111001011111
111111111110001111
111111111101011101
000000000100011000
000000000001110101
111111111111000001
000000000000011010
000000000011010000
000000000011110001
000000000010001101
111111111110011000
000000001100000100
000000000100111100
000000000010100110
000000000001110000
000000001000010110
111111111101001001
000000000011011111
000000000100101000
111111111000100101
111111111011011010
111111111100001100
111111111111110011
111111111101011111
000000000110010010
000000001001000010
000000000011010001
111111111100110001
111111110111101000
000000000010110111
000000000010110000
111111111101000001
000000000011101101
000000000001101110
000000001001011100
111111111100101100
111111111010000110
111111111010101011
111111111100101000
000000000000110101
000000000100101100
111111111111011010
111111111101011110
000000000100100100
111111110110111101
000000000000111010
111111111110100100
111111111110101010
000000000010011100
111111110111111100
111111111101010000
000000000001101100
000000000001000000
000000000001101111
111111101110011111
000000000010011111
000000000001000101
000000000111000001
000000001001010101
000000000100110001
000000001001001101
111111111010001001
111111111010111000
000000000010010110
111111111010110011
111111111110110110
000000000011100011
000000000011101010
111111111110011110
000000000000010111
000000000100011110
111111111110010001
000000000001110111
111111111001100010
111111111111101001
000000000110001011
000000000010011001
111111111110110101
111111111011010101
111111111011011100
000000000001100110
000000000110010101
111111110111001100
111111111000010101
111111111001101011
000000000110010000
000000000011101010
111111111010010111
111111111100001110
000000000000101101
111111111001100100
111111111101011100
000000000000110110
111111111011111011
000000000101101110
111111111000011100
111111111010001010
000000000010000011
000000000110000100
000000000001000110
111111111101011000
111111111100110110
000000000010110110
111111111010101011
111111111111101100
000000000001101011
111111111001111000
111111111101100110
111111111110111110
111111111110111011
111111111011110010
000000000100101110
000000000000110010
000000000101000000
111111111101111000
111111111101100110
000000000000010011
000000000011000111
111111111101101101
111111111010111010
000000001000110101
111111111111111010
000000000010101000
000000000001001010
111111111101010100
000000000011011000
000000001000000110
000000000101100001
000000000001100101
000000000101000111
000000000010100001
111111111110000000
000000000011101100
000000000011100110
111111111101010111
111111111101001110
000000000000101000
111111111111100111
000000000100101110
000000000101011100
000000000010010011
000000000001101010
000000000000101110
111111111011101010
111111111001100011
111111111110101111
000000000101100000
111111111100010001
111111111101001010
111111111111000100
000000000001100010
111111111111010110
000000000000110110
111111111010001010
000000001000101101
000000000011011110
000000000000010010
111111110101001100
111111111000100111
000000000011010101
111111111110101101
111111111100110111
111111111011100101
000000000010011100
000000000010000001
000000000101100001
000000000101101101
000000000010011001
000000000011011000
000000000001110101
000000001000101001
111111111010000011
111111111101101101
111111111010100100
000000000110010110
111111111111010000
000000000011100001
000000000011001101
111111111101110000
000000000001000101
111111111100100001
000000001000100111
111111111111001000
000000000010001000
111111111110000000
000000000111010000
000000000000011100
111111111011111100
111111111100100000
000000000011100010
111111111100111010
000000000011010010
000000000011101101
000000000101100001
111111111011001101
111111111111111110
000000000011101000
111111111010010001
111111111110011100
000000000011010001
000000001010010001
111111110101000001
000000000101000010
111111111101000000
000000000100111110
111111110101111110
111111111110111101
111111111111001101
111111111011110000
111111111110101100
000000000110000000
111111111100101101
111111110010101100
000000000011010010
000000000100101110
111111111010100111
000000000110111011
111111111100110011
000000000000011000
111111111110101000
000000000111001001
000000000000101110
111111111110001111
111111111100101111
111111110001110011
000000000010001111
111111111111101011
111111111100101110
000000000000001011
000000001101100111
000000001010011000
111111111110001011
000000000011111100
000000000010101100
000000000100111111
000000000011010101
111111111101101011
111111111101110111
000000000010100100
000000000001110011
000000000110110100
000000000000001011
000000000001001010
000000000010110000
111111111110000100
000000000011001110
000000000001111101
000000000000000001
111111111011011110
111111111000100111
111111111011001010
000000000000111011
000000000001011110
000000000011110111
000000000011100001
111111111110100110
000000000010001110
111111111110110100
111111111100000011
111111111011000000
111111111110010010
000000000011010000
111111111111001011
111111111011011111
000000000000111010
111111111011111101
111111111001011000
111111111100101010
000000000000101010
000000000010000101
111111111100100110
000000000100100110
000000000011110001
000000000011101110
000000000010101010
111111111110001011
111111111011011000
111111111001100000
111111111010010001
111111111110110000
111111111100001011
111111111001100110
111111111010110100
111111111100001010
111111111101001010
111111111101000110
000000000001011001
111111111111110001
111111111101100110
111111111101011100
000000000001010101
111111111101000110
111111111011011111
000000000001101101
111111111110110000
111111111101011010
111111111011101010
111111111101010101
000000000010010000
000000000011111111
000000000100001101
111111111011110101
111111111101000010
111111111111101100
000000000001100001
111111111110100011
000000000011010100
000000001000010000
111111111111000001
000000000001001001
000000000000111101
000000000100001000
111111111110111100
111111111111000111
111111110111111110
111111111110011101
000000000001110101
111111111011001110
111111111110011111
111111111011101011
111111110111110011
111111111111001101
000000000011011101
111111111100001111
111111111111111110
111111111111111010
111111111001101010
111111111010011000
111111111100110101
111111110110000000
111111111001100000
111111111101111001
000000000010100011
000000000001010011
111111111101110000
111111111110000100
111111110111010001
000000000010111001
111111111001101010
000000000001001001
000000000101111010
000000000000111111
000000000011101000
111111111011001110
000000000010011100
000000000000111010
000000000001110101
000000000001001100
111111111101110101
000000000101000001
000000001001101110
000000001010100111
000000001100011100
000000000110011010
000000001101010111
000000001001000011
000000000010011110
000000000101001101
000000000001100111
111111111101100110
111111111101101110
111111111001100010
111111111010110011
111111111000111111
111111111010001111
000000000001001110
111111111100000001
000000000001000111
000000001001010011
000000001000001010
000000001000101100
000000000101111110
000000001110010111
000000001001101111
000000000101010011
000000000111011101
000000000101111011
111111111100100111
111111111111111001
000000000001110111
000000000000001010
111111111110111101
000000000011100101
000000000101011101
111111111110011101
000000000000001011
000000000000001011
111111111111111011
111111111101101111
111111111101111000
000000000000001010
111111111110001011
111111111000010001
111111111010110010
000000000011111000
000000000100101011
111111111011010011
111111111011001101
111111111011101010
111111111111001010
111111111000101100
111111111111001111
111111111111101010
000000000110011100
000000000001011100
111111111011101011
111111111000010101
111111111010010010
000000000010110100
111111111101010111
000000000001100010
000000000100001011
111111111110101000
111111111101111101
000000000100011101
111111111011101110
000000000010111010
111111111101111000
000000000010011101
111111111110010101
111111111111110101
111111111111101010
000000000101100111
111111111110011001
000000000100101111
111111111110100111
111111111111010110
111111111110011110
111111111001001110
111111111110111111
111111111111110001
000000000011101000
000000000010110101
000000000100011001
000000000010111111
000000000011100111
000000000010111000
111111111101100011
111111111101001101
111111111011110111
000000001110110110
000000001101010100
000000001010001110
000000001001001011
000000001000110100
000000001001001011
000000000010100110
000000000010110101
000000000101100000
000000000001010010
111111111110101110
000000000000100010
111111111101011111
000000000011100011
000000000010110011
111111111000011000
111111111100101001
000000000000101111
111111111111101010
000000000010100110
111111111001011000
111111111101111101
111111111110100000
000000000000101011
111111111110100100
111111111110000001
000000000010011010
111111111101001010
000000000011010000
111111110101101101
111111111100001100
111111111101101110
000000000101001010
111111111111111100
111111111010111011
111111111111010011
111111111101100110
000000000101101101
000000000000011100
111111111101111001
000000000011100111
000000000001100110
000000000011011101
000000000001010100
111111111111011111
000000000111010010
000000000110000010
000000000101110000
000000000100110000
000000000101010011
000000000011101101
000000000100000100
111111111110111100
000000000101100011
000000000011000100
111111111110101100
111111111001001001
000000000001111010
111111111111010001
111111111111000101
111111111100110111
111111111001110110
000000000011010011
000000000000010010
111111111110110000
000000000010001110
000000000100101011
000000000001000011
000000000001110001
000000000010000010
111111111111001110
111111111001111100
000000000011100011
111111111110101100
111111111110001001
111111111101000111
111111111101111111
111111111111000100
111111111010001100
000000000000101111
111111111010101100
111111111110000011
000000000011101000
000000000100110000
111111111110101111
111111111111011100
000000000000001010
000000000001101100
111111111111011111
111111111101010100
000000000000001001
000000000000000001
111111111111101110
000000000000000100
111111111111111011
000000000000001100
000000000000000100
000000000000000110
111111111111110100
000000000000000100
000000000000000100
111111111111110011
000000000000000100
000000000000001001
000000000000010011
111111111111110001
111111111111101111
000000000000000111
000000000000000001
111111111111111000
111111111111110111
000000000000011111
000000000000000101
000000000000001100
000000000000001001
000000000000000110
111111111111111010
111111111111111101
111111111111110111
111111111111100110
111111111111101111
111111111111110110
111111111111110101
000000000000000011
000000000000010011
000000000000001100
111111111111111111
000000000000001101
000000000000001011
000000000000010100
000000000000001010
000000000000001110
000000000000001000
000000000000001000
000000000000010010
000000000000001100
000000000000001100
111111111111111110
000000000000000000
111111111111111010
111111111111111110
000000000000010111
111111111111111011
000000000000000011
111111111111111010
000000000000000011
000000000000000001
000000000000000000
111111111111111110
000000000000000111
111111111111111000
111111111111111100
111111111111111010
111111111111101100
000000000000000111
111111111111101100
000000000000010010
000000000000001100
111111111111111001
000000000000001110
000000000000010110
111111111111110110
111111111111111111
111111111111110110
000000000000000111
111111111111111100
000000000000001101
000000000000001100
000000000000010000
000000000000010000
000000000000010100
111111111111110101
111111111111110110
000000000000001011
111111111111101010
000000000000000010
000000000000001011
000000000000000110
111111111111111101
000000000000001011
111111111111111011
111111111111111100
111111111111110000
000000000000001000
000000000000010100
000000000000000111
000000000000001111
111111111111111101
000000000000001001
000000000000010010
000000000000010001
000000000000010011
000000000000000001
111111111111111001
111111111111110110
111111111111111101
111111111111110111
111111111111111001
000000000000001011
111111111111110110
000000000000100000
111111111111101010
000000000000000101
000000000000000001
111111111111111110
000000000000000100
000000000000000011
111111111111111000
000000000000001011
000000000000000001
111111111111111110
000000000000000100
000000000000000010
000000000000011100
000000000000000011
000000000000011111
000000000000010010
000000000000010001
111111111111110001
000000000000010001
000000000000010011
000000000000010001
000000000000001111
000000000000001011
111111111111101010
000000000000000101
000000000000001101
111111111111110111
000000000000010011
000000000000000101
111111111111111111
000000000000010111
111111111111111010
111111111111111000
000000000000100100
111111111111111111
111111111111111011
000000000000100110
000000000000001101
000000000000100011
000000000000011110
000000000000011001
000000000000011110
000000000000110000
000000000000001000
111111111111110001
000000000000000110
000000000000000110
111111111111111111
000000000000000111
000000000000000111
111111111111111100
111111111111111111
000000000000000011
000000000000000100
000000000000001010
000000000000001101
111111111111111110
000000000000000010
000000000000010000
000000000000010011
000000000000000011
000000000000001101
000000000000010010
000000000000001010
000000000000001101
111111111111110010
000000000000001101
111111111111111000
111111111111110101
000000000000001011
000000000000000010
111111111111101000
000000000000000011
111111111111111001
111111111111110000
000000000000000001
111111111111111100
000000000000000011
000000000000000001
000000000000010001
000000000000001010
111111111111111011
111111111111111110
000000000000001011
111111111111100001
111111111111111011
000000000000000000
000000000000000000
000000000000001111
000000000000001000
000000000000011101
111111111111101110
000000000000011110
111111111111111110
111111111111111110
111111111111101001
000000000000001010
111111111111111000
111111111111111011
111111111111111010
000000000000000010
111111111111111001
000000000000011101
111111111111111000
000000000000001011
000000000000010010
000000000000001110
000000000000011010
000000000000001100
111111111111111101
000000000000001011
000000000000000001
000000000000000000
111111111111111010
000000000000001001
000000000000010110
000000000000110111
000000000000000101
000000000000001100
000000000000010100
000000000000001101
111111111111111001
000000000000001111
000000000000001111
000000000000010010
111111111111111111
111111111111110110
000000000000000111
000000000000000001
111111111111110000
000000000000000100
111111111111111101
111111111111011111
111111111111111101
111111111111110100
111111111111101101
111111111111111000
111111111111111000
000000000000000100
111111111111111100
111111111111111111
000000000000000111
111111111111111001
000000000000001011
111111111111110010
000000000000001011
111111111111111111
111111111111111101
000000000000000001
000000000000001101
000000000000000100
000000000000001011
000000000000010110
111111111111111010
000000000000000010
111111111111101011
000000000000000011
000000000000001010
111111111111110010
000000000000000101
000000000000010111
000000000000011010
000000000000001000
000000000000000000
000000000000100110
111111111111111110
000000000000001010
000000000000010001
000000000000001111
111111111111100101
111111111111111000
111111111111100000
000000000000000111
000000000000000100
000000000000001010
000000000000000110
000000000000001010
111111111111000011
000000000000001101
000000000000100110
111111111111011011
000000000001011001
111111111111101111
000000000000011000
000000000000100001
111111111111000101
000000000010001000
111111111111110100
111111111110000101
000000000000000101
111111111111111011
111111111111111001
000000000000000110
111111111111111101
111111111111111100
000000000000000100
000000000000000001
111111111111111001
000000000000000111
000000000000000010
111111111111111110
111111111111111100
111111111111111010
000000000000000000
111111111111111110
111111111111111001
111111111111111111
111111111111111101
000000000000000011
111111111111111010
000000000000000100
111111111111111100
111111111111111101
000000000001000100
111111111111110100
000000000000011010
000000000000101000
000000000100001101
000000000101101110
000000000010100000
000000000000101111
000000000011101011
000000000011101111
000000000101010100
000000000000011111
111111111111101001
111111111111101101
111111111111111110
000000000000000101
111111111111101110
111111111111111000
111111111111110010
111111111111111010
000000000000000010
000000000000000011
111111111111111110
111111111111100110
111111111111100010
111111111111100110
000000000001010110
111111111111101100
111111111111011100
111111111111111010
111111111111111101
000000000010010010
111111111111110110
111111111111111001
000000000000010000
111111111111100100
000000000000001101
000000000000001010
111111111111111011
111111111111110101
000000000000101011
000000000000001001
000000000010000111
000000000001011001
000000000000111011
000000000100010001
000000000010101010
000000000100000101
111111111111110100
111111111111110000
000000000000000000
000000000000000000
111111111111110000
111111111111100011
111111111111110110
111111111111110110
111111111111110111
111111111111101010
111111111111101001
111111111111101111
111111111111000000
000000000001000011
000000000000000100
000000000010001101
000000000000100100
111111111111111110
111111111111011110
000000000000000001
000000000000000100
000000000001100010
111111111111100011
111111111110001010
000000000000000010
111111111111111111
111111111111111111
000000000000000000
000000000000001000
000000000000001101
000000000000001010
000000000000010000
111111111111111100
111111111111110111
111111111111110111
111111111111111000
000000000000001101
111111111111111101
000000000000001101
111111111111111010
000000000000000100
000000000000000100
000000000000001101
000000000000000001
000000000000001010
111111111111111011
111111111111111101
111111111111111000
111111111111111110
000000000000000000
000000000000001100
111111111111111000
111111111111110011
111111111111111010
000000000000000100
000000000000000101
111111111111110110
111111111111110111
111111111111111100
000000000000001001
111111111111110111
000000000000000001
111111111111111000
000000000000000011
111111111111111101
111111111111111011
000000000000000110
000000000000001000
111111111111111110
111111111111110011
000000000000000011
111111111111110011
111111111111101111
111111111111110111
111111111111111100
111111111111101110
111111111111110001
111111111111110011
111111111111110011
111111111111111110
000000000000001001
000000000000000001
111111111111111101
000000000000000110
111111111111110010
111111111111110111
111111111111111010
111111111111110011
111111111111110100
111111111111101110
111111111111110000
111111111111110111
111111111111111100
111111111111101000
111111111111101010
111111111111111011
111111111111110110
111111111111111011
000000000000000110
111111111111111100
111111111111110010
111111111111111100
111111111111110111
111111111111110101
111111111111111111
111111111111111010
000000000000000100
111111111111101110
000000000000000000
000000000000000000
000000000000000000
000000000000000000
000000000000000000
000000000000000000
000000000000000000
000000000000000000
000000000000000000
000000000000000000
000000000000000000
000000000000000000
000000000000000000
000000000000000000
000000000000000000
000000000000000000
000000000000000000
000000000000000000
000000000000000000
000000000000000000
000000000000000000
000000000000000000
000000000000000000
000000000000000000
000000000000000000
000000000000000000
000000000000000000
000000000000000000
000000000000000000
000000000000000000
000000000000000000
000000000000000000
000000000000000000
000000000000000000
000000000000000000
000000000000000000
000000000000000000
000000000000000000
000000000000000000
000000000000000000
000000000000000000
000000000000000000
000000000000000000
000000000000000000
000000000000000000
000000000000000000
000000000000000000
000000000000000000
000000000000000000
000000000000000000
000000000000000000
000000000000000000
000000000000000000
000000000000000000
000000000000000000
000000000000000000
000000000000000000
000000000000000000
000000000000000000
000000000000000000
000000000000000000
000000000000000000
000000000000000000
000000000000000000
000000000000000000
000000000000000000
000000000000000000
000000000000000000
000000000000000000
000000000000000000
000000000000000000
000000000000000000
000000000000000000
000000000000000000
000000000000000000
000000000000000000
000000000000000000
000000000000000000
000000000000000000
000000000000000000
000000000000000000
000000000000000000
000000000000000000
000000000000000000
000000000000000000
000000000000000000
000000000000000000
000000000000000000
000000000000000000
000000000000000000
000000000000000000
000000000000000000
000000000000000000
000000000000000000
000000000000000000
000000000000000000
