111111111010001000
000000000011001011
111111110111100101
111111111000110011
000000000011010010
111111111101000100
000000000010011001
111111111010000100
000000000100011011
111111110100101001
111111111101100010
111111110110000010
000000001100110010
111111110111101000
000000000010001010
000000000000111011
111111110111110000
111111111011101111
111111111101010001
111111111111110101
111111111010001100
111111111110100100
000000000110101101
111111111101111100
000000000001111101
111111111100010111
000000000011010010
111111011110101100
111111010111010000
000000000010100111
111111100101100000
111111101111001011
111111110100101000
000000000010101101
111111111010011101
111111110101010001
000000000000000000
000000000000000000
000000000000000000
000000000000000000
000000000000000000
000000000000000000
000000000000000000
000000000000000000
000000000000000000
000000000000000000
000000000000000000
000000000000000000
000000000000000000
000000000000000000
000000000000000000
000000000000000000
000000000000000000
000000000000000000
000000000000000000
000000000000000000
000000000000000000
000000000000000000
000000000000000000
000000000000000000
000000000000000000
000000000000000000
000000000000000000
000000000000000000
000000000000000000
000000000000000000
000000000000000000
000000000000000000
000000000000000000
000000000000000000
000000000000000000
000000000000000000
000000000000000000
000000000000000000
000000000000000000
000000000000000000
000000000000000000
000000000000000000
000000000000000000
000000000000000000
000000000000000000
000000000000000000
000000000000000000
000000000000000000
000000000000000000
000000000000000000
000000000000000000
000000000000000000
000000000000000000
000000000000000000
000000000000000000
000000000000000000
000000000000000000
000000000000000000
000000000000000000
000000000000000000
000000000000000000
000000000000000000
000000000000000000
000000000000000000
000000000000000000
000000000000000000
000000000000000000
000000000000000000
000000000000000000
000000000000000000
000000000000000000
000000000000000000
000000000000000000
000000000000000000
000000000000000000
000000000000000000
000000000000000000
000000000000000000
000000000000000000
000000000000000000
000000000000000000
000000000000000000
000000000000000000
000000000000000000
000000000000000000
000000000000000000
000000000000000000
000000000000000000
000000000000000000
000000000000000000
000000000000000000
000000000000000000
000000000000000000
000000000000000000
000000000000000000
000000000000000000
000000000000000000
000000000000000000
000000000000000000
000000000000000000
000000000000000000
000000000000000000
000000000000000000
000000000000000000
000000000000000000
000000000000000000
000000000000000000
000000000000000000
000000000000000000
000000000000000000
000000000000000000
000000000000000000
000000000000000000
000000000000000000
000000000000000000
000000000000000000
000000000000000000
000000000000000000
000000000000000000
000000000000000000
000000000000000000
000000000000000000
000000000000000000
000000000000000000
000000000000000000
000000000000000000
000000000000000000
000000000000000000
000000000000000000
000000000000000000
000000000000000000
000000000000000000
000000000000000000
000000000000000000
000000000000000000
000000000000000000
000000000000000000
000000000000000000
000000000000000000
000000000000000000
000000000000000000
000000000000000000
000000000000000000
000000000000000000
000000000000000000
000000000000000000
000000000000000000
000000000000000000
000000000000000000
000000000000000000
000000000000000000
000000000000000000
000000000000000000
000000000000000000
000000000000000000
000000000000000000
000000000000000000
000000000000000000
000000000000000000
000000000000000000
000000000000000000
000000000000000000
000000000000000000
000000000000000000
000000000000000000
000000000000000000
000000000000000000
000000000000000000
000000000000000000
000000000000000000
000000000000000000
000000000000000000
000000000000000000
000000000000000000
000000000000000000
000000000000000000
000000000000000000
000000000000000000
000000000000000000
000000000000000000
000000000000000000
000000000000000000
000000000000000000
000000000000000000
000000000000000000
000000000000000000
000000000000000000
000000000000000000
000000000000000000
000000000000000000
000000000000000000
000000000000000000
000000000000000000
000000000000000000
000000000000000000
000000000000000000
000000000000000000
000000000000000000
000000000000000000
000000000000000000
000000000000000000
000000000000000000
000000000000000000
000000000000000000
000000000000000000
000000000000000000
000000000000000000
000000000000000000
000000000000000000
000000000000000000
000000000000000000
000000000000000000
000000000000000000
000000000000000000
000000000000000000
000000000000000000
000000000000000000
000000000000000000
000000000000000000
000000000000000000
000000000000000000
000000000000000000
000000000000000000
000000000000000000
000000000000000000
000000000000000000
000000000000000000
000000000000000000
000000000000000000
000000000000000000
000000000000000000
000000000000000000
000000000000000000
000000000000000000
000000000000000000
000000000000000000
000000000000000000
000000000000000000
000000000000000000
000000000000000000
000000000000000000
000000000000000000
000000000000000000
000000000000000000
000000000000000000
000000000000000000
000000000000000000
000000000000000000
000000000000000000
000000000000000000
000000000000000000
000000000000000000
111111110111001001
111111111101001101
111111111110001010
111111111011100100
000000000001000001
111111111111110000
111111111001111000
000000001011100111
111111110000011010
111111111010001101
000000000111000000
111111111011000111
111111110101000100
000000000011101001
111111111100011000
000000001000110100
111111111101011110
111111111110011110
000000000111100111
111111111010011101
000000000110111000
000000000010000100
000000000001001110
111111111110010000
111111111100110001
111111111111101000
111111110000000011
000000001000011011
000000000111111101
000000000010001101
111111111111011001
111111111101111110
000000000110000100
111111111100100101
111111111011100001
000000000000101000
000000000110101101
111111111110000101
000000001000111111
000000001000111100
000000000001110011
000000000010100100
111111111100000001
000000000000010110
000000000010001100
000000000001111101
000000000010001011
000000000011000010
111111111111111011
111111111000101101
000000000001111010
000000000001111011
111111111001000010
000000000110110010
000000001011011000
000000000100001001
000000001000111011
000000000001001011
000000000110000111
000000000110010101
111111111101001001
000000000011101011
000000000100000100
111111110110011110
000000000001010001
000000000101101100
111111111101011110
111111110111010011
000000000001000001
111111111011001111
111111111111000100
000000000101001011
111111111111010001
000000000010100001
000000000100110011
000000001000010010
000000000100010010
111111111110100111
000000000000100000
111111111111001111
000000000111111011
111111111111011011
111111111011110111
111111111101010110
000000000010110001
111111111101010011
111111111010101100
000000000100011101
111111111001001111
000000000010101000
000000001010111101
111111111000111010
111111111101101110
000000001010101011
000000000010101111
111111111101101101
111111111011111101
111111111111101010
000000000001010010
000000001001011000
000000000001101011
000000000100111111
000000000111111000
000000000000111110
111111111101111110
000000000001001101
111111111110010000
000000000001101010
111111111011000110
111111111111100001
000000000001111010
000000000101000110
111111111110110110
000000000100010101
111111111001000000
111111111110011000
111111111010001000
111111111100010111
000000000001101110
111111111111010101
000000000000001111
111111111101101101
111111111110010001
000000000011101000
111111111110110101
111111111111111011
111111111100010111
111111111100111101
000000000010010111
111111111110001000
000000001001100001
111111111110111000
000000000011101111
111111111101000010
111111111101001000
111111111100010100
111111111011010011
111111111010111111
111111111111011001
000000000110101011
111111111010110110
000000000011000100
000000000000100111
111111111011111110
111111111110111101
000000000010000001
000000000110001000
000000000000000100
000000000001101110
000000000001101110
000000000000110111
000000000010100100
111111110111010110
111111111010111100
000000000000111111
111111111111110000
000000000010001100
111111111101100011
111111101110100000
000000000000100010
111111110011001000
000000001000100010
111111111011010001
111111111010010111
111111111101100110
000000001001100110
000000000011000101
111111111111110010
000000000100100001
111111111110011100
111111111110000010
000000001010000110
000000000101000010
000000001000010100
000000001010101000
000000000110100100
000000001000000000
000000000110100010
000000000110011100
000000000111111000
000000000010110101
111111111110000110
000000000101011101
000000000100010100
000000000010101011
000000000101110011
000000000010110110
111111111101110010
000000000110001111
000000000011010011
111111111111011000
111111111100000111
111111110111111011
111111111110111111
111111111111000110
000000000100001101
000000000101011100
111111111110001101
000000000011010111
111111111110011101
000000000010010111
111111111011101100
111111111010000011
000000000001010100
111111111100110001
000000000111111011
111111111001111010
000000000000111100
111111111110101100
111111111101100000
111111111000111001
000000000010010011
000000000101111111
111111111110101101
111111111001111100
111111111111001110
111111111111110000
111111111001110010
000000000101100101
111111111000110100
111111111101101000
000000001000011100
111111111100101111
000000000001000001
000000000000101100
111111110111000000
000000000001111010
111111111110111111
000000000001011011
000000000010011111
111111111110110101
000000000000011000
000000000001101011
000000000001100101
000000000101000100
000000000101011000
000000000010111100
000000000010000101
111111111100000100
000000000101110101
111111111101000111
111111111110110011
111111111111111100
111111111111011101
000000000011100101
000000000010111011
111111110101101100
111111111100010110
000000001000010001
000000000111110100
111111111111101000
111111111100001010
000000000011110000
111111111100110110
111111110111101100
000000000011110001
111111111010110100
111111111001001110
000000000111110100
111111110100000111
111111111000110000
111111111100000011
000000000000011011
111111111011010110
000000000001011010
111111111011000101
111111111010001101
111111111101100011
111111111110010001
111111111110001111
000000000001110100
111111111111100111
111111111001001111
111111111111010010
000000000011111011
000000000001110110
000000000100000110
111111110111111100
111111111000011111
000000000000000010
000000000100100010
000000000000101110
000000000000111111
000000000010011001
000000000010000001
111111111110101110
000000000011011111
000000000100010101
111111111010100100
000000000000110100
000000000010100111
111111111111001000
000000000011111100
111111111000000011
000000000010011001
111111111010011101
000000000011111001
000000000000000100
111111111111101111
000000000001110110
111111111011111111
111111111100110010
111111111101000101
111111111101010110
000000000000011101
000000000000011110
000000000010010000
111111110111100100
000000001000100011
111111110101010111
111111111110010100
000000000111110001
111111111010010001
111111111100100000
111111111110010000
000000000001111000
000000000011011000
000000000100010110
111111111010001001
111111111101101101
000000000001011000
111111111011000110
000000000100001110
111111111111011001
111111110100010001
111111111011011011
111111111010100111
111111111111001111
000000000000111100
111111111100001010
111111111100001110
111111111110000101
000000000010001100
000000000110000000
000000000100101010
111111111011111001
111111111100011100
111111111111010101
000000000011000001
000000000001100000
111111111101110001
111111111110111100
000000000001110001
000000000000011000
111111111000111111
000000000000111000
111111111100001001
111111111011101101
000000000111010110
111111111111110101
000000000000110001
000000000101100001
000000000100101011
000000000101011001
111111111101001011
000000000000001010
111111111101010010
000000000001010100
111111111100000110
111111111100111101
000000000000001101
111111111101110110
111111111111001110
111111111110110001
111111111111010111
000000000000010011
000000000001101000
000000000010001010
000000000001101100
111111111111000100
000000000000101000
000000000000110010
000000000010011001
111111110111101100
000000000001001011
000000000000100111
111111111101000111
111111110111010001
000000000001011010
111111111010111100
000000000110010101
000000000000001000
111111111011000101
111111111110110110
000000000010000000
111111111011011100
111111111111010010
111111111010000000
000000000000010101
000000000110110011
000000000010100001
111111111110001111
000000000100110011
000000000001011011
000000000010101001
111111111111110011
000000001000010101
000000001100000101
000000000101110001
000000000000001101
000000000001100010
000000000011100101
111111111110100011
000000000101100010
000000000001000000
000000001000000010
111111111011110010
111111111110010101
111111111101001110
000000000001000101
000000000000010111
111111111011011001
111111111110000001
000000000000001101
000000000110011000
000000000110011010
000000000100010010
000000000011110110
000000001010110010
000000000011110111
000000000100011100
000000000010111001
000000000001011010
111111111100111000
000000000010010101
111111111010101110
000000000011010111
000000000101100110
111111111110100001
111111111101111000
111111111001101000
111111110111010010
000000000000001100
000000000000000101
000000000011110111
111111111100100101
000000000101010100
000000000000000001
111111111101111010
000000000001100110
000000000000101011
111111111111111010
000000000001010011
111111111111010111
111111111110100001
111111111100111000
111111111111111111
000000000011100001
000000000000100110
000000000011000001
111111111011010110
000000000100010110
111111111100111111
111111111111100110
111111111111101110
000000000011010000
111111111111001011
111111111010011001
000000000100010000
000000000101100110
111111111110101011
000000000000000100
000000000101001001
000000000001100000
111111111111001010
000000000010001111
000000000010100001
111111111111011110
111111111111001011
111111111100101000
111111111011100111
111111111111000011
000000000000001100
000000000100111100
111111111110000000
000000000001011101
000000000000000111
111111111111001110
000000000101101101
000000001010111101
111111111111101100
000000000010010001
111111111011011010
000000000000111100
111111111100010100
111111111100010010
000000001110110110
000000010010110011
000000000111110101
000000000011001000
000000000001100110
000000000101000101
111111111110011010
111111111010010101
000000000011011010
000000000011011010
111111111110101010
000000000000100100
000000000001010000
111111111101100110
000000000010000000
111111111011000010
000000000001110011
000000000010001001
111111111110101101
111111111101100010
111111111110011100
111111111011000100
000000000001110111
000000000000000010
000000000000111100
111111111110011001
000000000010011010
111111111100101101
111111111010101101
111111111110100011
000000000100010110
000000000000010111
111111111111011111
000000000010011011
000000000001100110
000000000000010100
000000000000101001
111111111111110010
111111111110101111
111111111101011001
000000000000001000
000000000100011011
111111111110111111
000000000010000001
000000000010111100
000000001001100000
000000000110010101
000000000110000101
000000001000000001
111111111101001100
000000000101010111
111111111110101101
111111111011010001
000000000000110111
000000000000100011
000000000101100000
111111111011110110
111111110110101011
000000000010100001
111111111101010100
000000000001011001
000000000010110111
111111111111001000
111111111101101001
111111111110111010
000000000001101001
000000000001010100
111111111011101000
000000000011010101
000000000011110111
000000000000001011
111111111110111010
000000000101000100
111111111110110110
111111111100111111
000000000010011000
111111111001001100
111111111110100100
111111111110111100
111111111101100001
111111111111011011
000000000001000010
000000000010110110
000000001000000110
000000000000100111
000000000010101100
111111111111011000
111111110111100111
000000000010101111
111111111100011111
000000000000010111
000000000000000011
000000000000000000
000000000000011100
000000000000001000
000000000000001010
000000000000000100
000000000000001000
000000000000001001
000000000000001010
111111111111111100
111111111111110101
111111111111110101
000000000000010110
000000000000010110
000000000000001011
111111111111110111
111111111111110111
000000000000000001
111111111111101100
111111111111110111
111111111111110101
000000000000010010
000000000000010111
000000000000001101
111111111111110000
111111111111111000
111111111111101010
111111111111101101
111111111111100010
000000000000001011
111111111111110011
111111111111110100
000000000000000101
000000000000011100
111111111111111100
000000000000000000
111111111111111101
000000000000001111
000000000000001011
111111111111111100
111111111111111111
000000000000011001
000000000000001101
000000000000001101
111111111111111110
000000000000000100
111111111111110110
111111111111110100
111111111111111010
000000000000000000
000000000000100011
000000000000000111
000000000000011110
111111111111111000
000000000000000000
000000000000000010
111111111111111010
111111111111110101
111111111111111101
111111111111110011
000000000000000011
111111111111110001
111111111111110111
000000000000001100
111111111111110110
111111111111111011
111111111111111101
111111111111111101
111111111111111111
000000000000000001
111111111111111000
000000000000001101
111111111111111010
000000000000001000
000000000000011000
000000000000001111
000000000000100000
111111111111110110
000000000000010110
000000000000011010
111111111111110001
000000000000001001
000000000000010111
111111111111111101
111111111111110011
000000000000000001
000000000000000100
111111111111110101
111111111111110001
000000000000010101
000000000000000010
111111111111111101
000000000000010011
000000000000000111
000000000000001101
000000000000010110
000000000000010000
000000000000001000
000000000000001001
000000000000010100
000000000000000111
111111111111110001
000000000000000011
000000000000000011
111111111111110100
111111111111101101
111111111111100001
000000000000001000
000000000000001110
000000000000000100
000000000000000001
000000000000000110
000000000000010101
000000000000001010
000000000000100001
000000000000000100
000000000000001010
000000000000001000
000000000000001111
000000000000000011
000000000000001100
000000000000000100
000000000000000100
000000000000000101
000000000000000111
000000000000010111
000000000000000001
111111111111111011
000000000000001000
000000000000000111
111111111111111100
000000000000000101
000000000000000001
111111111111111100
000000000000000100
000000000000001010
111111111111101110
000000000000000101
000000000000000110
111111111111110001
000000000000010001
111111111111110011
111111111111111001
000000000000011010
111111111111110001
000000000000000111
000000000000001011
111111111111111001
000000000000101110
000000000000101111
000000000000001011
000000000000011001
000000000000001111
111111111111111111
000000000000010000
000000000000000111
000000000000001111
000000000000000001
000000000000001010
111111111111101010
000000000000001000
111111111111111011
111111111111111110
111111111111110010
000000000000000110
000000000000000010
111111111111111100
000000000000000001
000000000000000100
000000000000000000
000000000000001101
000000000000000110
000000000000000110
000000000000010101
000000000000000101
111111111111110011
000000000000001011
111111111111110101
111111111111001110
111111111111110100
000000000000000110
000000000000000010
000000000000001100
000000000000000110
111111111111010110
000000000000000001
000000000000000000
111111111111111000
000000000000010111
111111111111111111
000000000000010000
000000000000000111
000000000000000110
000000000000001001
111111111111011011
000000000000000001
111111111111110001
000000000000010000
000000000000011101
000000000000010100
000000000000000011
111111111111111101
000000000000000111
000000000000100000
111111111111110010
000000000000000101
111111111111111101
000000000000010011
000000000000000100
000000000000001111
000000000000000011
000000000000010000
000000000000001010
000000000000000001
000000000000001111
111111111111101110
000000000000001000
111111111111111110
000000000000100011
111111111111111111
000000000000001100
111111111111111011
000000000000000101
111111111111111100
000000000000010101
000000000000100100
000000000000100010
000000000000010011
000000000000001010
000000000000000101
111111111111111111
000000000000011001
000000000000001100
000000000000010100
111111111111110111
111111111111111001
111111111111111011
000000000000010000
000000000000011000
111111111111110010
111111111111111100
000000000000000011
111111111111100100
111111111111110011
000000000000000110
111111111111111100
000000000000001101
000000000000000100
000000000000010000
111111111111111101
000000000000000000
000000000000010101
000000000000001001
000000000000000110
000000000000000110
000000000000000001
000000000000000101
111111111111110100
000000000000001001
000000000000001001
000000000000010001
000000000000001011
000000000000011001
111111111111111101
000000000000001001
111111111111110100
111111111111011110
111111111111110010
111111111111110101
111111111111110110
000000000000001101
111111111111111001
111111111111111010
111111111111111111
111111111111111010
111111111111110001
111111111111110011
000000000000001111
111111111111111000
111111111111011001
111111111111110000
111111111111110000
111111111111110100
111111111111110000
000000000000001000
000000000000001001
000000000000100000
000000000000010010
000000000000001000
000000000010000100
111111111111100010
111111111111100111
000000000101001011
000000000101000111
000000000010101000
000000000000001011
000000000000010010
111111111111100100
111111111111110111
000000000000000001
111111111111111111
000000000000000011
000000000000000101
111111111111111111
111111111111111110
111111111111110111
000000000000000110
111111111111111111
000000000000000100
000000000000000100
000000000000001111
000000000000001011
000000000000001000
000000000000000010
000000000000000111
111111111111111010
111111111111111010
000000000000000000
000000000000000000
111111111111111100
111111111111111000
000000000000000111
111111111111111110
111111111111100000
111111111111110010
000000000000001001
111111111111100100
000000000000100011
111111111111110000
111111111111101111
000000000000110011
111111111111101011
111111111111101111
111111111111100111
000000000010010110
111111111111111010
111111111111111110
000000000000000100
000000000000001101
111111111111111111
111111111111111101
111111111111110011
000000000000001001
111111111111110101
000000000000000000
000000000000001001
000000000000000001
000000000010100100
000000000110000010
000000000011101110
000000000100101100
000000000000010101
000000000001101011
000000000010011111
000000000000001100
111111111111101100
111111111111111011
111111111111011111
111111111111100011
000000000000000001
111111111111111101
000000000000000100
000000000000001100
111111111111110110
111111111111110101
111111111111110010
111111111111111111
000000000000000110
000000000000000001
000000000000001101
000000000000001000
000000000000000011
111111111111110111
000000000000000110
000000000000001010
111111111111111111
000000000000000000
000000000000000000
000000000000000001
000000000000001011
000000000000001011
000000000000001111
000000000000001001
000000000000000011
000000000000000000
000000000000000000
000000000000000101
111111111111111111
111111111111111111
000000000000000000
000000000000000000
000000000000000100
111111111111111111
111111111111111110
000000000000000111
111111111110001111
111111111111100010
111111111111000011
000000000001010100
000000000000000000
000000000010101010
000000000010111000
000000000011000010
000000000000010010
000000000100100011
000000000001110100
000000000100111000
000000000000010100
111111111111111100
111111111111111000
000000000000000100
111111111111111110
111111111111111101
111111111111110111
111111111111110110
111111111111110001
111111111111101001
111111111111110001
111111111111101001
000000000101010001
000000000101011001
000000000101010011
000000000011110101
111111111111111100
000000000000101100
111111111111101100
111111111111100000
000000000001010111
111111111110010110
111111111111100100
000000000001011000
111111111111111111
111111111111111011
000000000000001000
000000000000001010
111111111111111111
000000000000000001
111111111111111111
000000000000000100
111111111111111011
111111111111110110
111111111111111000
000000000000000011
111111111111110010
111111111111111010
000000000000000000
000000000000001011
000000000000000100
000000000000000011
111111111111111101
000000000000000111
000000000000000111
000000000000000110
000000000000001100
000000000000001101
000000000000000011
000000000000001001
000000000000000000
000000000000000011
111111111111111110
000000000000000100
000000000000000111
000000000000000110
111111111111111100
000000000000000000
000000000000000011
000000000000001100
111111111111111110
111111111111111101
000000000000001000
000000000000000111
111111111111111111
000000000000000110
000000000000000010
000000000000001001
111111111111110011
111111111111111001
000000000000000111
000000000000001001
000000000000000000
000000000000000000
000000000000000000
000000000000000000
000000000000000000
000000000000000000
000000000000000000
000000000000000000
000000000000000000
000000000000000000
000000000000000000
000000000000000000
000000000000000000
000000000000000000
000000000000000000
000000000000000000
000000000000000000
000000000000000000
000000000000000000
000000000000000000
000000000000000000
000000000000000000
000000000000000000
000000000000000000
000000000000000000
000000000000000000
000000000000000000
000000000000000000
000000000000000000
000000000000000000
000000000000000000
000000000000000000
000000000000000000
000000000000000000
000000000000000000
000000000000000000
000000000000000000
000000000000000000
000000000000000000
000000000000000000
000000000000000000
000000000000000000
000000000000000000
000000000000000000
000000000000000000
000000000000000000
000000000000000000
000000000000000000
000000000000000000
000000000000000000
000000000000000000
000000000000000000
000000000000000000
000000000000000000
000000000000000000
000000000000000000
000000000000000000
000000000000000000
000000000000000000
000000000000000000
000000000000000000
000000000000000000
000000000000000000
000000000000000000
000000000000000000
000000000000000000
000000000000000000
000000000000000000
000000000000000000
000000000000000000
000000000000000000
000000000000000000
000000000000000000
000000000000000000
000000000000000000
000000000000000000
000000000000000000
000000000000000000
000000000000000000
000000000000000000
000000000000000000
000000000000000000
000000000000000000
000000000000000000
000000000000000000
000000000000000000
000000000000000000
000000000000000000
000000000000000000
000000000000000000
000000000000000000
000000000000000000
000000000000000000
000000000000000000
000000000000000000
000000000000000000
