111111111111100101
000000000000001101
111111111100111010
000000000100000010
000000000011010101
111111111101101011
000000001000000001
000000000001000010
000000000011010000
000000001110001111
000000000100101011
111111111000100100
000000000100101110
000000000010100010
000000000010100111
000000001001011110
111111111111101110
000000000000011100
111111111011001101
000000000000011000
000000000000000000
111111111101101001
111111111111100000
000000000000101101
111111111101010111
111111111110010100
111111111110101011
000000000111101101
111111110101001100
111111110110111100
111111101001011000
000000010010001100
111111100101001011
111111111010111001
000000011110100111
000000001000110101
000000000000000000
000000000000000000
000000000000000000
000000000000000000
000000000000000000
000000000000000000
000000000000000000
000000000000000000
000000000000000000
000000000000000000
000000000000000000
000000000000000000
000000000000000000
000000000000000000
000000000000000000
000000000000000000
000000000000000000
000000000000000000
000000000000000000
000000000000000000
000000000000000000
000000000000000000
000000000000000000
000000000000000000
000000000000000000
000000000000000000
000000000000000000
000000000000000000
000000000000000000
000000000000000000
000000000000000000
000000000000000000
000000000000000000
000000000000000000
000000000000000000
000000000000000000
000000000000000000
000000000000000000
000000000000000000
000000000000000000
000000000000000000
000000000000000000
000000000000000000
000000000000000000
000000000000000000
000000000000000000
000000000000000000
000000000000000000
000000000000000000
000000000000000000
000000000000000000
000000000000000000
000000000000000000
000000000000000000
000000000000000000
000000000000000000
000000000000000000
000000000000000000
000000000000000000
000000000000000000
000000000000000000
000000000000000000
000000000000000000
000000000000000000
000000000000000000
000000000000000000
000000000000000000
000000000000000000
000000000000000000
000000000000000000
000000000000000000
000000000000000000
000000000000000000
000000000000000000
000000000000000000
000000000000000000
000000000000000000
000000000000000000
000000000000000000
000000000000000000
000000000000000000
000000000000000000
000000000000000000
000000000000000000
000000000000000000
000000000000000000
000000000000000000
000000000000000000
000000000000000000
000000000000000000
000000000000000000
000000000000000000
000000000000000000
000000000000000000
000000000000000000
000000000000000000
000000000000000000
000000000000000000
000000000000000000
000000000000000000
000000000000000000
000000000000000000
000000000000000000
000000000000000000
000000000000000000
000000000000000000
000000000000000000
000000000000000000
000000000000000000
000000000000000000
000000000000000000
000000000000000000
000000000000000000
000000000000000000
000000000000000000
000000000000000000
000000000000000000
000000000000000000
000000000000000000
000000000000000000
000000000000000000
000000000000000000
000000000000000000
000000000000000000
000000000000000000
000000000000000000
000000000000000000
000000000000000000
000000000000000000
000000000000000000
000000000000000000
000000000000000000
000000000000000000
000000000000000000
000000000000000000
000000000000000000
000000000000000000
000000000000000000
000000000000000000
000000000000000000
000000000000000000
000000000000000000
000000000000000000
000000000000000000
000000000000000000
000000000000000000
000000000000000000
000000000000000000
000000000000000000
000000000000000000
000000000000000000
000000000000000000
000000000000000000
000000000000000000
000000000000000000
000000000000000000
000000000000000000
000000000000000000
000000000000000000
000000000000000000
000000000000000000
000000000000000000
000000000000000000
000000000000000000
000000000000000000
000000000000000000
000000000000000000
000000000000000000
000000000000000000
000000000000000000
000000000000000000
000000000000000000
000000000000000000
000000000000000000
000000000000000000
000000000000000000
000000000000000000
000000000000000000
000000000000000000
000000000000000000
000000000000000000
000000000000000000
000000000000000000
000000000000000000
000000000000000000
000000000000000000
000000000000000000
000000000000000000
000000000000000000
000000000000000000
000000000000000000
000000000000000000
000000000000000000
000000000000000000
000000000000000000
000000000000000000
000000000000000000
000000000000000000
000000000000000000
000000000000000000
000000000000000000
000000000000000000
000000000000000000
000000000000000000
000000000000000000
000000000000000000
000000000000000000
000000000000000000
000000000000000000
000000000000000000
000000000000000000
000000000000000000
000000000000000000
000000000000000000
000000000000000000
000000000000000000
000000000000000000
000000000000000000
000000000000000000
000000000000000000
000000000000000000
000000000000000000
000000000000000000
000000000000000000
000000000000000000
000000000000000000
000000000000000000
000000000000000000
000000000000000000
000000000000000000
000000000000000000
000000000000000000
000000000000000000
000000000000000000
000000000000000000
000000000000000000
000000000000000000
000000000000000000
000000000000000000
000000000000000000
000000000000000000
000000000000000000
000000000000000000
000000000000000000
000000000000000000
000000000000000000
000000000000000000
000000000000000000
000000000000000000
000000000000000000
000000000000000000
000000000000000000
111111111100001011
111111111010111000
111111111111100001
111111111110010010
111111111010111111
000000000111100011
111111111101100101
111111111100000111
111111111000001101
111111111111111100
111111111100100101
111111111011110110
111111111110011100
000000000000101110
111111111101010000
111111111111111010
111111111100010111
000000000100011101
000000001011010000
111111111110110000
000000000011011001
000000000001100111
111111111111001011
000000000100000111
111111111000101111
000000000001111000
000000000100100101
000000000101001011
111111111011011110
000000001100011000
000000000100100000
000000000010011101
111111111011010111
111111111110101011
111111111010110111
000000000010001110
000000001000110001
000000000000010010
111111111111001000
000000000100001010
000000000111010010
111111110110101101
111111111111110111
000000000110100100
000000000011100101
111111111101100100
111111111101011011
000000000100111001
000000000111011111
000000000000011100
111111111000001111
000000000110110111
111111111100100000
000000000010001111
000000000001110000
000000000100100000
000000000001100000
000000000001101001
000000001001010111
000000000100000010
000000000011111101
000000000011100101
111111111110010101
111111111101101100
111111111100000111
111111111110011010
111111111100001010
111111111101111100
000000001001001011
111111111011100001
111111111110000101
111111110111111001
111111111110111101
000000000011100111
000000000011110111
000000000100101001
000000000001000111
111111111010011110
000000000001010101
000000000000101111
000000000100011011
111111111101000001
000000000110100010
000000000010111100
000000000101001010
000000000101000000
111111111011001100
000000000000000000
000000001001110001
111111110001101011
000000000000010110
000000000010011100
111111110110011110
000000001000110000
000000000010011010
111111110011101101
111111111101100011
111111111111110101
000000000010011111
000000000110011110
000000001010000001
111111111111111100
000000000101100011
000000001010011101
111111111000110001
000000001000010101
000000000011011011
111111111100101011
000000000011101111
111111111000001001
111111111011100010
111111111100101001
111111111011110111
000000000100111110
111111111111111011
000000000010110001
000000000100010110
000000001001001000
111111110110110111
000000000000110111
000000000000011111
111111111110110111
000000000100101110
000000001001001110
111111111111001100
111111111010011011
111111111001100110
000000000101110100
111111111000100000
000000000000000100
000000000001000100
111111111110000011
111111111111011010
000000000101011010
111111111011001110
000000000000111110
000000000110110110
111111111001000111
000000000000110011
111111111010100110
000000000011111100
111111111010011100
000000000101001001
000000000011110101
111111111110010100
000000000100011111
000000000000100101
111111111101010100
111111111111101100
111111111111001101
000000000000001010
111111111101000001
111111111011101011
111111111100010011
111111111101100001
111111111100100001
000000000011100101
111111111100111001
000000000000100100
000000000010110111
111111111001010001
111111111010010011
111111111011011001
000000000110111000
000000000011000011
000000001000000001
111111111110001011
000000000100111001
111111111001100010
000000000010111101
000000000000011001
111111111100011110
000000000011101001
000000000011001000
000000000001011001
000000000011111101
000000000100001010
000000000001001011
000000000011011000
000000000010000000
000000000000111101
000000000011011011
000000000001011110
000000000111010100
111111111111010101
000000000011101001
000000000100100101
000000000110110110
000000001000000010
000000001001001100
111111111011011101
111111110110110011
000000000001011101
000000000100011000
000000001000111010
111111110101110001
000000000010010100
111111111110000111
111111111111001101
111111111011001100
000000000001111001
000000000100100000
111111111100001101
000000000101000010
111111111010001100
111111111111101100
111111111011001111
111111110110001001
000000000110000111
000000000100011111
000000000110000011
111111111111110010
000000000110011100
000000000011101101
111111111011110100
111111111110011001
111111111011001000
111111111111010001
000000000011101000
000000000010101010
111111111101110011
111111111111000101
111111111110001000
111111111111010101
111111111101001111
111111111011001100
111111111110000010
111111111011001100
111111111111111100
111111110111101001
000000000001000101
000000000011010011
111111111100010111
000000000000000001
000000000011000110
111111111101001001
000000000000000010
000000000100100000
111111111111001110
000000001001001111
111111111110000001
000000000011000010
111111111100101101
111111110001011011
111111110010000001
000000001101101011
111111111111010110
111111111100011011
000000000010100101
000000000011111111
111111111101110000
000000000010011110
000000000100110000
111111110110010001
000000000001111101
111111111111000100
111111111111101010
000000000010101101
111111111101111011
000000000001111000
000000000010101111
111111111100010001
000000000111100101
111111111001111111
111111111111010110
000000001000100011
000000000111111011
111111111110110011
000000000010100110
111111111010111111
000000000010010110
000000000000111011
000000000101100110
111111110111000011
111111111111100011
111111111111100100
111111111111110110
000000000111000000
111111111110100111
111111111111001001
000000000011110110
111111111111011000
111111111101110110
000000000010111101
000000000110010010
000000000011101111
111111111101111111
000000000001011110
000000000001011000
000000000011111010
000000000010000111
000000000100100111
111111111011110101
000000000001110011
000000000001110011
000000000010101011
000000000100000100
000000000000000110
000000000010000000
000000000010011011
111111111111000100
000000000000110010
000000000011110000
000000001001100010
000000000111111100
000000000011110010
111111111011101001
111111111000001001
000000000101001011
111111111101010111
111111111011011100
000000000011100100
000000000110001110
000000000010110000
000000000100100111
111111111101010001
111111111101011010
000000000100000001
111111111110001011
000000000001100000
000000000101110100
000000000011111011
000000000100010011
000000000110101010
000000000011011011
000000000000111001
000000000101001100
111111111110100001
111111111100011010
000000000000111010
000000000010111010
000000000101010000
000000000000010110
000000000000010100
111111111100111101
111111111111111101
111111111110000110
111111111110110010
000000000011001111
000000000110010011
000000001000110110
000000000101000101
000000000001101001
111111111110011011
000000000101101110
111111111110011001
111111111100101010
000000000010111000
000000001001110001
000000000100001011
000000000110010001
000000000000011000
111111111111011011
000000001000001111
000000000011110011
111111111101110100
000000000100011110
000000000000100111
000000000110101110
000000001001110110
111111111100101101
111111111011000111
000000000010101110
111111111000111110
000000000010110100
000000000011101001
000000000011000100
000000000100000110
000000000010101110
111111111100100100
000000000011011111
000000000011111110
111111111010101111
111111111010100110
111111111010111100
111111111010110001
111111110111100000
000000000000100111
111111111100110001
111111111011101101
000000000100011111
111111111011110011
111111111110100100
000000000010101101
000000000101001110
000000000001110010
000000000011100000
000000000101010000
000000000011001011
000000000101001100
000000000101111100
000000000011000001
000000000110000001
000000010010100011
000000001101111100
000000001100110010
000000001001111100
000000000011100001
000000001010100000
000000000100100101
000000000111101011
000000001000001101
000000010001110110
000000010001001000
000000000111010000
111111111111110101
111111111111001111
000000000110001111
111111111111100010
000000000010110111
000000000111101010
000000001100111001
000000001101111011
000000001011111001
000000000101010010
000000000001111011
000000001011000110
000000000111111010
000000001001011000
000000001011101110
000000010011001110
000000010001011001
000000010000000100
000000000010111010
111111111100010110
000000000011010001
000000000000100100
000000000000100101
000000000011110111
000000001010111000
000000001000011111
000000001001100101
000000000000001110
111111111101110000
000000000010110011
111111111111010111
000000000100101010
000000000101000001
000000000111010000
000000000001101000
000000000110110010
111111111111111101
111111111110011010
000000000010111111
000000000011000001
111111111101010010
000000000010100110
000000000010111010
000000000010101000
000000000101010101
000000000001001011
000000000001001010
000000000011010000
000000000010100101
000000000100101101
000000000111011101
000000001010001100
000000001010010000
000000001001111010
000000000010000111
000000000000000101
000000000110000001
000000000010111111
000000000000011101
000000000111001110
000000010001011000
000000010001100101
000000001011011011
000000000011000100
111111111110100100
000000000000000000
000000000110001100
111111111011000000
111111111011011101
000000000011101001
000000000110111100
000000000011000011
000000000101111110
000000000000101100
000000000101101111
000000000100001011
000000000011000000
000000000111010100
000000001100101111
000000000110101110
000000000110001110
000000001110011011
000000000101110100
000000001100011001
000000000100100111
000000000110100111
000000001100010010
000000010000111110
000000010000001011
000000001110000000
000000000001101011
000000000011110000
000000000100110010
111111111100010110
000000000100101110
000000000101001000
000000000101101100
000000000011010111
000000000110111001
111111111011000101
000000000000001001
000000000010110111
111111111111101100
111111111110110100
000000000001100010
000000000100011001
000000000111001010
000000000011100010
000000000011111110
111111111110001110
000000000010100000
000000000010011001
111111111111111111
111111111110011100
000000001011101010
000000001010110010
000000000100010101
000000000010111011
000000000100001001
000000000111100100
000000000000111010
000000000000111100
000000000101111110
000000001001011110
000000001110000001
000000000110001101
000000000100111110
000000000000101110
000000000100101011
000000000000110011
000000000011010111
000000000011011100
000000001000111100
000000000011111110
000000000011101011
111111111101011011
000000000001001111
000000000011101000
000000000010110101
000000000000100110
000000000110011111
000000000111111100
000000001000010000
000000000001010000
000000000000110010
111111111100110101
000000000001000100
000000000000100010
111111111010000100
000000000000000101
000000000011001100
000000000010001101
111111111100111000
111111111010000010
111111111111011110
000000000010110011
111111111100100100
111111111010100111
111111111100100100
000000000010100110
000000000011110000
000000000001000000
000000001000001010
000000000000001101
000000000010000010
000000000011110100
111111111101010001
000000000100011011
000000001010101100
000000000111111010
000000000011100111
111111111110110110
000000000000001000
111111111111100101
111111111110111101
000000000000001001
000000000000001011
000000000000010101
111111111011110111
111111111000111011
111111111111100010
111111111111010110
000000000000001101
111111111111001000
000000000000010010
111111111111001110
000000000010010011
000000000000000010
000000000000010011
000000000000111101
111111111110111101
000000000000001100
111111111111110000
000000000000001111
000000000000010011
000000000010101110
000000000000111101
111111111101010100
000000000000010001
111111111111100001
111111111010010111
111111111111101000
111111111111101111
000000000001000101
000000000010010001
111111111000010000
111111111111110010
111111111111101111
111111111111000001
000000000000100100
000000000011101001
111111111101101100
111111111010011110
000000001101100000
000000000111100101
000000000000011010
000000000000000101
111111111111011101
111111111110001000
111111111111011011
111111111111110011
000000000000101010
000000000011001111
000000000001111110
000000000000100110
000000000000110001
111111111011111011
000000000001111000
000000000000110100
111111111111010010
111111111110100101
000000000011000010
111111111101110111
111111111000111110
111111111011110100
000000000001111011
000000000010000010
111111111101101110
111111111111000010
000000000000001100
000000000001010010
000000000000000101
111111111111110010
111111111110001000
111111111111100101
111111111111110110
000000000000000111
111111111111111011
111111111111001001
000000000001011100
111111111110000010
111111111010000101
111111111100101111
111111111001101010
000000000010010001
111111111110100101
000000000000001101
000000000001000011
000000000010010110
000000000000000000
000000000000100001
111111111111110100
111111111101110110
111111111001001110
111111111110001000
000000000000111100
111111111111011001
111111111111110011
000000000000001111
000000000000001111
111111111111011101
000000000000111011
111111111110111110
111111110001101101
111111101101010000
111111111010000101
111111111010111010
111111110111010110
111111111101110010
111111111110110110
111111111111000101
000000000001001100
111111111111011110
000000000000001010
111111111111100101
000000000110011101
000000000000111101
000000000000000001
111111111011110110
111111111011101001
000000000010101110
000000000001110010
111111111110101011
111111111101111111
000000000101001111
111111111101011111
111111111111111010
111111111110100000
000000000000010001
111111111101011111
111111111100100101
000000000000011110
111111111111111001
000000000100001101
111111111111111101
111111111011010000
111111111110000100
000000000000001000
000000000001011111
111111111111111000
111111111111101110
000000000000000100
000000000101000111
111111111111110001
111111111001110100
000000000001101000
000000000101000110
000000000101001111
000000000100110011
000000000010010000
000000000011101110
000000011011101010
000000001001111001
000000001100110010
111111111110110101
000000000001011010
000000000000110011
111111111111011001
111111111111100010
111111111110111001
000000000110100100
111111111110110100
111111111111101100
111111111011001110
111111111010110000
111111111110001110
000000000000001101
111111111111101100
111111111101010100
000000001011110011
000000000000111100
000000000000011010
111111111111111111
111111111110100011
000000000010001101
111111111110110100
111111111001001110
000000000000110110
000000000110000101
111111111111001101
111111111110011001
111111111110011101
111111111111111101
111111111111100100
000000000001000001
111111111111010010
111111111111110100
000000000000000111
000000000001100011
111111111111100010
111111111110101010
000000000000000100
000000000000100101
111111111011110011
111111111110011111
111111111100010010
000000000011011000
111111111110100011
111111111110100111
000000000001011001
111111111100110101
111111111111110100
111111111110101101
000000000000011111
111111111111100000
000000000010100010
111111111101010010
111111111101111100
111111111010100101
111111110111110111
111111111111000100
111111111111100101
000000000000100101
111111111101110100
000000000001100011
000000000000010001
111111111110100111
111111111111000111
111111111111111010
000000000001011110
000000000000101101
111111111110110101
000000000000100110
000000000001011110
111111111111111110
111111111101111010
000000001000010111
000000000110100111
000000000011011110
000000000011111111
000000000000100001
000000000001110110
000000010110010101
000000001000000000
000000001001111001
111111111110111001
111111111111110011
000000000000100011
111111111110110010
111111111111111110
000000000000011000
111111111111011110
111111111100011010
000000000000011011
111111111011101010
111111111111110001
000000000000001001
000000000000001001
111111111111111010
000000000000011001
000000000000011110
000000000000001001
111111111111000110
111111110100001010
111111111101100111
111111111110001101
111111111110111111
000000000000001011
111111111111010010
000000000010101000
111111111110011110
111111111110110010
000000000000000000
111111111110111111
000000000000110001
000000000000000011
000000000000001111
111111110010010001
111111111100110110
111111111100010010
111111111101011011
111111111101110111
000000000000010000
000000000000010001
111111111111001010
000000000000110011
111111111110101010
000000000001010000
000000000000001100
111111111111110100
000000000000100100
000000000000100011
111111111111110111
000000000000010100
111111111110100000
000000000000001110
000000000000011001
000000000000011100
000000000000100001
000000000000000000
000000000000000000
000000000000000000
000000000000000000
000000000000000000
000000000000000000
000000000000000000
000000000000000000
000000000000000000
000000000000000000
000000000000000000
000000000000000000
000000000000000000
000000000000000000
000000000000000000
000000000000000000
000000000000000000
000000000000000000
000000000000000000
000000000000000000
000000000000000000
000000000000000000
000000000000000000
000000000000000000
000000000000000000
000000000000000000
000000000000000000
000000000000000000
000000000000000000
000000000000000000
000000000000000000
000000000000000000
000000000000000000
000000000000000000
000000000000000000
000000000000000000
000000000000000000
000000000000000000
000000000000000000
000000000000000000
000000000000000000
000000000000000000
000000000000000000
000000000000000000
000000000000000000
000000000000000000
000000000000000000
000000000000000000
000000000000000000
000000000000000000
000000000000000000
000000000000000000
000000000000000000
000000000000000000
000000000000000000
000000000000000000
000000000000000000
000000000000000000
000000000000000000
000000000000000000
000000000000000000
000000000000000000
000000000000000000
000000000000000000
000000000000000000
000000000000000000
000000000000000000
000000000000000000
000000000000000000
000000000000000000
000000000000000000
000000000000000000
000000000000000000
000000000000000000
000000000000000000
000000000000000000
000000000000000000
000000000000000000
000000000000000000
000000000000000000
000000000000000000
000000000000000000
000000000000000000
000000000000000000
000000000000000000
000000000000000000
000000000000000000
000000000000000000
000000000000000000
000000000000000000
000000000000000000
000000000000000000
000000000000000000
000000000000000000
000000000000000000
000000000000000000
000000000000000000
000000000000000000
000000000000000000
000000000000000000
000000000000000000
000000000000000000
000000000000000000
000000000000000000
000000000000000000
000000000000000000
000000000000000000
000000000000000000
000000000000000000
000000000000000000
000000000000000000
000000000000000000
000000000000000000
000000000000000000
000000000000000000
000000000000000000
000000000000000000
000000000000000000
000000000000000000
000000000000000000
000000000000000000
000000000000000000
000000000000000000
000000000000000000
000000000000000000
000000000000000000
000000000000000000
000000000000000000
000000000000000000
000000000000000000
000000000000000000
000000000000000000
000000000000000000
000000000000000000
000000000000000000
000000000000000000
000000000000000000
000000000000000000
000000000000000000
000000000000000000
000000000000000000
000000000000000000
000000000000000000
000000000000000000
000000000000000000
000000000000000000
000000000000000000
000000000000000000
000000000000000000
000000000000000000
000000000000000000
000000000000000000
000000000000000000
000000000000000000
000000000000000000
000000000000000000
000000000000000000
000000000000000000
000000000000000000
000000000000000000
000000000000000000
000000000000000000
000000000000000000
000000000000000000
000000000000000000
000000000000000000
000000000000000000
000000000000000000
000000000000000000
000000000000000000
000000000000000000
000000000000000000
000000000000000000
000000000000000000
000000000000000000
000000000000000000
000000000000000000
000000000000000000
000000000000000000
000000000000000000
000000000000000000
000000000000000000
000000000000000000
000000000000000000
000000000000000000
000000000000000000
000000000000000000
000000000000000000
000000000000000000
000000000000000000
000000000000000000
000000000000000000
000000000000000000
000000000000000000
000000000000000000
000000000000000000
000000000000000000
000000000000000000
000000000000000000
000000000000000000
000000000000000000
000000000000000000
000000000000000000
000000000000000000
000000000000000000
000000000000000000
000000000000000000
000000000000000000
000000000000000000
000000000000000000
000000000000000000
000000000000000000
000000000000000000
000000000000000000
000000000000000000
000000000000000000
000000000000000000
000000000000000000
000000000000000000
000000000000000000
000000000000000000
000000000000000000
000000000000000000
000000000000000000
000000000000000000
000000000000000000
000000000000000000
000000000000000000
000000000000000000
000000000000000000
000000000000000000
000000000000000000
000000000000000000
000000000000000000
000000000000000000
000000000000000000
000000000000000000
000000000000000000
000000000000000000
000000000000000000
000000000000000000
000000000000000000
000000000000000000
000000000000000000
000000000000000000
000000000000000000
000000000000000000
000000000000000000
000000000000000000
000000000000000000
000000000000000000
000000000000000000
000000000000000000
000000000000000000
000000000000000000
000000000000000000
000000000000000000
000000000000000000
000000000000000000
000000000000000000
000000000000000000
000000000000000000
000000000000000000
000000000000000000
000000000000000000
000000000000000000
000000000000000000
000000000000000000
000000000000000000
000000000000000000
000000000000000000
000000000000000000
000000000000000000
000000000000000000
000000000000000000
000000000000000000
000000000000000000
000000000000000000
000000000000000000
000000000000000000
000000000000000000
000000000000000000
000000000000000000
000000000000000000
000000000000000000
000000000000000000
000000000000000000
000000000000000000
