000000000001111110
111111111011110100
111111111111001010
111111111110000011
111111110111011011
000000000011011010
111111111101110111
111111110110110000
000000000110111110
111111111111100111
111111111100010001
000000000010001111
000000000000001011
111111110111111101
000000000001101110
111111110110000110
111111111010010111
000000000000101110
000000000011000101
000000000001010000
111111111011001011
111111111111001100
000000000101011100
111111111111001101
000000000001101001
000000000001010110
111111111101010010
111111110001100100
000000001011010110
000000000001000111
111111110100101101
111111110111011100
000000000101010101
111111101101010101
111111110001000100
000000010100000110
000000000000000000
000000000000000000
000000000000000000
000000000000000000
000000000000000000
000000000000000000
000000000000000000
000000000000000000
000000000000000000
000000000000000000
000000000000000000
000000000000000000
000000000000000000
000000000000000000
000000000000000000
000000000000000000
000000000000000000
000000000000000000
000000000000000000
000000000000000000
000000000000000000
000000000000000000
000000000000000000
000000000000000000
000000000000000000
000000000000000000
000000000000000000
000000000000000000
000000000000000000
000000000000000000
000000000000000000
000000000000000000
000000000000000000
000000000000000000
000000000000000000
000000000000000000
000000000000000000
000000000000000000
000000000000000000
000000000000000000
000000000000000000
000000000000000000
000000000000000000
000000000000000000
000000000000000000
000000000000000000
000000000000000000
000000000000000000
000000000000000000
000000000000000000
000000000000000000
000000000000000000
000000000000000000
000000000000000000
000000000000000000
000000000000000000
000000000000000000
000000000000000000
000000000000000000
000000000000000000
000000000000000000
000000000000000000
000000000000000000
000000000000000000
000000000000000000
000000000000000000
000000000000000000
000000000000000000
000000000000000000
000000000000000000
000000000000000000
000000000000000000
000000000000000000
000000000000000000
000000000000000000
000000000000000000
000000000000000000
000000000000000000
000000000000000000
000000000000000000
000000000000000000
000000000000000000
000000000000000000
000000000000000000
000000000000000000
000000000000000000
000000000000000000
000000000000000000
000000000000000000
000000000000000000
000000000000000000
000000000000000000
000000000000000000
000000000000000000
000000000000000000
000000000000000000
000000000000000000
000000000000000000
000000000000000000
000000000000000000
000000000000000000
000000000000000000
000000000000000000
000000000000000000
000000000000000000
000000000000000000
000000000000000000
000000000000000000
000000000000000000
000000000000000000
000000000000000000
000000000000000000
000000000000000000
000000000000000000
000000000000000000
000000000000000000
000000000000000000
000000000000000000
000000000000000000
000000000000000000
000000000000000000
000000000000000000
000000000000000000
000000000000000000
000000000000000000
000000000000000000
000000000000000000
000000000000000000
000000000000000000
000000000000000000
000000000000000000
000000000000000000
000000000000000000
000000000000000000
000000000000000000
000000000000000000
000000000000000000
000000000000000000
000000000000000000
000000000000000000
000000000000000000
000000000000000000
000000000000000000
000000000000000000
000000000000000000
000000000000000000
000000000000000000
000000000000000000
000000000000000000
000000000000000000
000000000000000000
000000000000000000
000000000000000000
000000000000000000
000000000000000000
000000000000000000
000000000000000000
000000000000000000
000000000000000000
000000000000000000
000000000000000000
000000000000000000
000000000000000000
000000000000000000
000000000000000000
000000000000000000
000000000000000000
000000000000000000
000000000000000000
000000000000000000
000000000000000000
000000000000000000
000000000000000000
000000000000000000
000000000000000000
000000000000000000
000000000000000000
000000000000000000
000000000000000000
000000000000000000
000000000000000000
000000000000000000
000000000000000000
000000000000000000
000000000000000000
000000000000000000
000000000000000000
000000000000000000
000000000000000000
000000000000000000
000000000000000000
000000000000000000
000000000000000000
000000000000000000
000000000000000000
000000000000000000
000000000000000000
000000000000000000
000000000000000000
000000000000000000
000000000000000000
000000000000000000
000000000000000000
000000000000000000
000000000000000000
000000000000000000
000000000000000000
000000000000000000
000000000000000000
000000000000000000
000000000000000000
000000000000000000
000000000000000000
000000000000000000
000000000000000000
000000000000000000
000000000000000000
000000000000000000
000000000000000000
000000000000000000
000000000000000000
000000000000000000
000000000000000000
000000000000000000
000000000000000000
000000000000000000
000000000000000000
000000000000000000
000000000000000000
000000000000000000
000000000000000000
000000000000000000
000000000000000000
000000000000000000
000000000000000000
000000000000000000
000000000000000000
000000000000000000
000000000000000000
000000000000000000
000000000000000000
000000000000000000
000000000000000000
000000000000000000
000000000000000000
000000000000000000
000000000000000000
000000000000000000
000000000000000000
000000000000000000
000000000000000000
000000000000000000
000000000000100110
111111111001101000
000000000111100101
111111111110010011
111111111010000001
000000000010010001
111111111101110001
111111111101101100
000000001000000110
111111111110011010
000000000101100101
111111111101110110
111111111111101111
111111110010111010
000000000100101001
111111111011001011
000000000011011110
111111111011110111
111111111011000000
111111111000010111
000000001010001010
111111111001100010
000000000000000010
111111111011000001
111111110111000101
000000000101100101
111111111111100111
111111111011010000
000000000101100010
111111111101100011
000000000000000010
111111111100001011
000000000001011010
111111111100111011
000000000100101001
111111111100101001
000000000011111111
111111111011011011
000000000000110101
000000000101000010
000000000010010100
000000000000100001
000000000010000010
111111111010001000
000000001000010010
111111111111100001
000000000100010100
111111111011101011
111111111111111101
111111111000100001
111111111101110001
000000000000000110
111111111110010001
111111111111001110
000000000100011011
000000000100101101
000000000101000101
000000001001001010
000000000010101100
000000000110010011
111111111111111110
000000000011100011
000000000010101010
000000000011111001
111111111110100010
000000000011001101
000000000010000011
000000000000010110
111111111100101000
000000000001101101
111111111100011001
000000000001010000
000000000001010111
000000000111001001
000000000100011001
111111111110110100
000000000010010010
111111111110000100
000000001001101100
000000000101101101
000000000001111100
000000001001001011
111111111001010111
000000000011001000
111111111011000111
111111111011110100
111111111010100000
111111111101100111
000000000000100111
111111111101010111
000000000010000110
000000000100001101
111111111101010010
111111111000110011
000000001000101101
111111111100011011
000000000011000101
111111111101000111
000000000010001000
111111111100000001
000000000001111010
111111111011001000
111111111001111110
111111111011110101
111111111000110111
000000000001000011
111111110111000001
000000000000110100
111111111110000111
000000000000100101
111111111100010101
111111111000111001
111111111101010101
000000000011101010
111111110111001110
000000000001110010
000000000100110111
000000000100110001
000000000010000001
111111110111000110
000000000100101001
111111111101110100
111111111101010101
000000000111101010
000000000011100011
000000000001011010
000000000101000001
111111111001010000
111111111001001110
000000000010010101
000000000010100001
111111111101001101
000000000100111101
111111111100010101
111111111111111100
111111111001100101
111111111010111111
111111111101101111
111111111010111001
000000000011011111
111111111011000010
000000000001011010
000000000001000101
111111111000111100
000000000100010111
111111111010000011
000000000100111001
000000000001110101
000000000111101110
000000000010111111
000000000001111111
000000000011111000
111111111100010111
111111111010001010
111111111101111011
111111110101010110
111111111010100110
000000000010000111
000000000111001010
111111111100000010
111111110101111100
000000000110111000
111111110111101111
000000000101001101
000000000010111000
000000000011111000
111111111110100001
111111111111101010
111111111001111100
000000000010101111
111111111101001100
000000000100110101
000000000110111100
000000000010111011
000000001001011011
000000001001101111
000000000110011111
000000001010001010
000000000101010001
000000000110011101
000000000010010000
000000000001001101
000000001011100110
000000001000111000
000000000011111100
000000000111111011
000000000011011000
000000000000111001
000000000000000000
000000000100100011
000000000011111100
000000000001111110
111111111011001110
111111111111110001
111111111110010101
111111111100000001
000000000110000001
111111111001110000
000000000000001000
000000000100010110
000000000010111110
000000000000100101
000000000110111011
111111111111011010
111111111110010011
111111111011101101
111111111111110011
111111111001011011
111111111011010100
111111111110010001
111111111101001100
111111111011000110
111111111101000101
111111111001101101
111111111011110010
000000000001111111
000000000101111000
111111111111001011
111111110111110010
000000000111110011
111111111111001111
111111111101010001
000000000100011011
111111110101011100
000000000001110011
111111111011111111
000000000000010001
111111110100111000
111111111111111011
111111111011111111
000000000111011101
111111111011111000
000000000000110001
000000000100010011
000000000010100001
000000000001100010
111111111111000111
000000000101101001
111111111011010011
000000000010110010
111111111111111100
111111111111001100
000000000001111001
000000000100011100
111111111010011011
111111110100111110
000000000010111101
000000000010110101
000000000000111110
111111110110000100
000000000101011011
000000000001110000
111111111110000111
111111111111100001
000000000011000110
111111111000101010
111111111101111110
000000000010111110
111111111100100011
000000000110000110
000000000000001011
111111111101011000
111111111000110101
000000000101101111
111111111101001101
000000000101111111
000000000001110100
000000000001010110
111111111100000110
111111111101001111
111111111011100010
111111111100110010
000000000100110011
111111110101111110
000000000100110100
111111111110001100
111111111111111000
000000000101111000
000000000010111000
000000000001000100
111111111101001001
000000000010110100
000000000001010011
111111111110000010
000000000000111010
000000000100010101
000000000000101001
111111111110011011
000000000001101100
000000000010100011
111111111110100100
000000000011100000
111111111101010000
000000000011110101
000000000001111100
000000000000010100
111111110110101001
111111111110100101
000000000001001010
111111111111010100
000000000011001011
111111111110011010
000000000000001000
111111111011100001
111111111111010001
000000000001000110
111111111001011000
111111111100111111
000000000011100110
111111111000010010
000000000100110001
000000000000101101
111111111001111000
111111111010001001
111111111110101111
111111111101001101
000000000100011011
111111111010100001
000000000000010000
111111111100111010
000000000001110111
111111111011101001
111111111110000010
111111111101011011
000000000101100011
111111111011011111
000000000000101101
111111111101001100
000000000001100101
111111110111111110
111111111100010110
111111111111010011
000000000000001000
000000000000010010
111111111111100100
000000000001111111
111111111101110111
000000000001010010
111111111110011100
000000000100110111
000000000010101010
111111111100101000
000000000100011010
000000000100111001
000000000000011110
111111111110011110
000000000001111111
111111111000111000
111111111100010001
111111111111011001
000000000011011110
000000000000100010
111111111111011001
000000000100001110
111111111110110110
000000000010011011
000000000001001110
111111111111000101
111111111111110001
111111111110001100
111111111110111001
111111111101011110
111111111011110000
111111111011110100
111111111101000000
000000000001111111
111111111101010001
111111111101101000
111111111100001110
000000000000010000
111111111010011111
000000000001111010
000000000100110001
000000000000011111
000000000011101011
111111111100000000
111111111011100101
111111111101001010
000000000001010001
111111111010111110
000000000010011110
000000000000011000
111111111101000001
111111111101110001
111111111100101110
000000000100111110
111111110111010010
111111111101101101
111111111110100001
111111111111110000
111111111100110100
111111111110011011
111111111111001001
000000000010010111
000000000010100100
000000000001011001
000000000100000000
000000000010110001
000000001000100100
000000000001111010
000000000101110011
000000001000111100
000000000100001000
000000000001111011
000000000111010110
111111111100001100
111111111101011010
111111111110011100
111111111101101011
111111111100010000
000000000000100001
111111111101001100
000000000101011010
111111111011111111
000000000010010011
000000000010000000
000000001010010000
000000000010000111
000000000001110100
000000001100000101
000000000010101010
000000000101000100
000000000000110110
111111111011111111
000000000110000110
111111111101111010
111111111111110000
000000000000010001
000000000100001001
000000000001101110
111111111110110111
000000000001001101
111111111110001001
111111111111100010
111111111101011011
111111111101001000
000000000011110001
000000000010010011
111111111010011100
111111111101011101
111111111100110101
000000000001010110
111111110110000000
111111111111101111
000000000010111011
111111111111110010
000000000000010100
111111111011001001
111111111001000001
000000000010001100
111111111100111111
000000000010000001
111111111011010100
111111111111000111
111111111001000111
000000000010101011
111111111100110110
000000000000011100
000000000001111000
000000000111011111
000000000011001000
000000000000100101
111111111111100011
000000000000110111
000000000100010001
000000000001111110
000000000011100001
000000000001010010
000000000001010111
111111111100011110
111111111010000111
000000000001001111
111111111111011101
111111111111011111
111111111100101111
000000000010001000
000000000010010101
111111111100101000
000000000001011100
000000000000010110
000000000011000100
111111111100010001
000000000111010111
111111111111100101
000000000001001000
000000000001110000
000000000011101011
000000001000010111
000000001000001100
000000000011101000
000000000100101110
000000000111010110
000000000010111111
111111111110111100
111111111100000111
000000000000100111
111111111111110001
000000000011000001
111111111111010010
111111111100110101
111111111100011100
000000000001011001
111111111111110100
111111111100111100
000000000011101010
111111111111101100
111111111101001100
111111111100111010
111111111001011100
000000000010111010
000000000000000100
000000000000110110
000000000010111010
111111111011111010
000000000000101001
111111111110001111
000000000101010101
000000000010001101
111111111010010111
111111111101100101
111111111101110110
111111111100001111
000000000010111011
111111111110110001
111111111010111011
000000000010000100
111111111111000110
111111111111100001
000000000110001011
000000000010000101
111111111100001101
000000000000000001
000000000001111001
111111111101010100
111111111101100010
000000000010001101
000000000010011001
111111111110010100
000000000010101001
111111111011110010
111111111100100001
111111111010100110
000000000000100111
111111111011111010
111111111110000101
000000000001111100
111111111111111011
000000000000010011
111111111010010001
000000000000111100
111111111101001001
000000000001101110
111111111110011100
000000000100011011
111111111101001010
111111111001111101
111111111101101111
111111111101111100
111111110111000010
111111111100111111
111111111100110010
000000000001110010
000000000010111000
111111111010001101
000000000011000011
111111111110110001
000000000010100110
000000000011000110
111111111011101001
000000000101101110
000000000000101110
111111111111011010
111111111111110000
111111111000110001
111111111101000000
000000000000110001
111111111111111100
111111111111101101
111111111111110011
000000000000011100
000000000000001101
000000000000010000
000000000000001011
111111111111111001
111111111111111111
000000000000010011
111111111111110000
000000000000000000
111111111111111001
000000000000000001
000000000000011011
000000000000000000
000000000000001010
000000000000000111
111111111111110000
000000000000010010
000000000000001110
111111111111111110
000000000000010000
000000000000011100
111111111111101101
000000000000001110
111111111111101101
111111111111101110
111111111111111001
111111111111101000
000000000000001010
000000000000001110
000000000000000000
000000000000000101
000000000000011010
000000000000011000
000000000000001100
000000000000011100
000000000000001011
000000000000000110
000000000000000111
000000000000001101
111111111111111101
000000000000001001
000000000000011000
000000000000010001
000000000000001000
111111111111100111
111111111111110110
111111111111111100
000000000000001110
000000000000011001
000000000000010001
000000000000000011
000000000000011001
000000000000000000
000000000000000110
111111111111111011
000000000000000010
111111111111110101
111111111111111010
111111111111111001
000000000000001110
111111111111101001
111111111111111100
000000000000001100
000000000000000000
000000000000010011
000000000000001110
000000000000000001
000000000000011110
000000000000001101
000000000000001011
000000000000001111
000000000000010011
000000000000011100
000000000000001001
000000000000010101
000000000000011000
000000000000010110
111111111111111000
111111111111100001
111111111111101011
000000000000000010
111111111111110110
111111111111110111
000000000000010010
000000000000001001
111111111111111010
000000000000001110
000000000000010010
111111111111110101
000000000000000101
000000000000000110
111111111111111111
000000000000000101
111111111111111011
000000000000001110
000000000000001111
000000000000010010
000000000000100100
000000000000010101
111111111111111011
111111111111111010
111111111111110011
111111111111111100
111111111111110100
111111111111110000
000000000000000110
111111111111111100
000000000000010100
000000000000001101
000000000000010101
000000000000000000
000000000000011010
000000000000011010
000000000000100000
111111111111111100
000000000000000100
111111111111111101
111111111111111100
000000000000000011
000000000000010010
000000000000000000
000000000000010100
000000000000001110
000000000000010100
111111111111101110
000000000000011100
111111111111111010
111111111111111111
111111111111110101
000000000000001101
000000000000000100
000000000000000110
000000000000011110
000000000000000101
000000000000000011
000000000000000110
000000000000001110
111111111111111000
000000000000010101
000000000000000001
000000000000000010
000000000000011001
000000000000010010
000000000010001010
000000000000011111
000000000000001011
000000000000001110
000000000000111010
000000000000011111
000000000000110001
000000000000011010
111111111111111111
111111111111110011
000000000000000101
000000000000001000
000000000000000100
000000000000011101
111111111111110101
000000000000000001
111111111111111110
111111111111111101
000000000000010000
000000000000010001
000000000000000011
000000000000000010
000000000000001111
000000000000010101
111111111111111110
000000000000010001
000000000000001001
000000000000010000
000000000000001011
000000000000010000
000000000000010011
111111111111111001
111111111111110110
111111111111111110
000000000000010100
111111111111111101
111111111111100110
111111111111111010
111111111111110111
111111111111111001
111111111111111000
111111111111111011
111111111111101010
000000000000000010
111111111111111011
000000000000001110
000000000000000001
111111111111111111
000000000000010100
111111111111111111
111111111111111011
000000000000001000
000000000000100000
000000000000010000
000000000000011011
111111111111111110
000000000000000010
000000000000001110
111111111111110110
000000000000000001
000000000000101000
000000000000011111
000000000000001101
000000000000001000
000000000000001011
000000000000001000
000000000000001101
000000000000000011
000000000000010011
000000000000010010
111111111111111110
000000000000010011
000000000000011000
000000000000010111
000000000000010001
000000000000000011
000000000000001100
000000000000000000
000000000000001000
000000000000110101
000000000000100010
111111111111000111
000000000000101111
000000000000001110
000000000000011100
000000000000100010
000000000000010101
000000000000100000
000000000000001001
000000000000010001
000000000000001000
111111111111111101
111111111111111000
111111111111111011
111111111111111000
000000000000011011
000000000000001100
111111111111110110
111111111111111001
000000000000000111
111111111111111100
000000000000000010
111111111111110100
000000000000010011
000000000000011001
000000000000001001
111111111111111000
111111111111111111
111111111111110110
000000000000001001
111111111111111001
000000000000000010
000000000000010010
000000000000010001
000000000000001110
000000000000001011
000000000000000001
000000000000010011
111111111111111110
111111111111110100
111111111111111110
111111111111101111
111111111111101111
111111111111101010
000000000000001110
000000000000000010
111111111111111001
000000000000010101
000000000000000011
111111111111101110
111111111111101011
000000000000010100
000000000000000010
111111111111111100
111111111111110001
111111111111111001
111111111111100111
111111111111101110
111111111111110000
000000000000011011
111111111111111100
111111111111101010
000000000001101111
111111111111101110
000000000000100110
111111111111110011
111111111100000001
000000000011111100
000000000110111000
000000000100000101
111111111111111110
111111111110101011
000000000000000001
111111111111101000
111111111111111111
111111111111111110
000000000000000000
000000000000000000
111111111111111001
111111111111111100
111111111111111011
111111111111110100
000000000000000011
111111111111111100
000000000000000001
111111111111111011
000000000000000011
000000000000000000
000000000000000010
111111111111111010
111111111111110111
111111111111111100
111111111111110100
000000000000000000
111111111111111000
111111111111110111
000000000000000001
000000000000000101
000000000000101101
000000000000010101
000000000000010000
111111111111001001
111111111111111110
111111111111100010
000000000000001001
000000000000010000
111111111110101011
000000000010011011
111111111111111110
000000000000110101
111111111111111101
000000000000001000
111111111111111111
111111111111111001
111111111111111010
111111111111110011
111111111111110101
111111111111111111
111111111111111101
111111111111111010
000000000000000111
111111111111111100
000000000101001001
000000000101001000
000000000011001101
000000000101001101
111111111111010011
000000000000000101
000000000011011111
111111111110010101
111111111111111101
111111111110010010
111111111111111001
000000000000010000
000000000000000000
000000000000001000
111111111111111100
111111111111111000
111111111111111100
111111111111111010
111111111111110001
111111111111111011
000000000000000111
000000000000001010
000000000000000000
111111111111111100
111111111111111101
000000000000000001
000000000000001011
111111111111110000
111111111111110111
111111111111110101
000000000000001000
000000000000001110
111111111111110110
111111111111110100
000000000000000001
111111111111111010
000000000000000011
000000000000000000
000000000000000011
111111111111111101
000000000000000100
000000000000000011
111111111111111001
111111111111111111
111111111111111110
000000000000000001
111111111111111101
111111111111111011
111111111100111111
000000000000011001
111111111111010011
000000000000101111
111111111111101110
000000000010010010
000000000101101100
000000000011010101
000000000010100101
000000000001011010
000000000011000000
000000000011011110
111111111111111111
000000000000000001
000000000000000111
111111111111111010
111111111111111111
111111111111110101
111111111111111111
000000000000000000
111111111111110100
111111111111110101
111111111111110111
111111111111110000
000000000011110100
000000000101000110
000000000101100111
000000000100000101
111111111111101001
111111111111110000
000000000000110010
000000000000111110
000000000000101000
111111111111100101
111111111110111111
000000000011011111
000000000000000010
000000000000000010
000000000000000101
111111111111111111
111111111111111111
111111111111111110
000000000000000011
000000000000000010
111111111111111110
000000000000000001
111111111111111110
000000000000000000
000000000000000011
000000000000000010
000000000000000111
111111111111110111
000000000000000011
111111111111111111
000000000000000010
000000000000001000
000000000000001110
000000000000001011
000000000000000011
000000000000000100
000000000000000001
000000000000000010
000000000000000111
000000000000000010
111111111111111000
111111111111111010
111111111111111110
000000000000001110
000000000000000000
000000000000000101
000000000000001000
111111111111111010
000000000000000000
000000000000000011
000000000000001011
111111111111111110
111111111111101011
111111111111110010
111111111111101100
111111111111111111
111111111111110101
111111111111111001
111111111111111110
111111111111111110
000000000000000000
000000000000000000
000000000000000000
000000000000000000
000000000000000000
000000000000000000
000000000000000000
000000000000000000
000000000000000000
000000000000000000
000000000000000000
000000000000000000
000000000000000000
000000000000000000
000000000000000000
000000000000000000
000000000000000000
000000000000000000
000000000000000000
000000000000000000
000000000000000000
000000000000000000
000000000000000000
000000000000000000
000000000000000000
000000000000000000
000000000000000000
000000000000000000
000000000000000000
000000000000000000
000000000000000000
000000000000000000
000000000000000000
000000000000000000
000000000000000000
000000000000000000
000000000000000000
000000000000000000
000000000000000000
000000000000000000
000000000000000000
000000000000000000
000000000000000000
000000000000000000
000000000000000000
000000000000000000
000000000000000000
000000000000000000
000000000000000000
000000000000000000
000000000000000000
000000000000000000
000000000000000000
000000000000000000
000000000000000000
000000000000000000
000000000000000000
000000000000000000
000000000000000000
000000000000000000
000000000000000000
000000000000000000
000000000000000000
000000000000000000
000000000000000000
000000000000000000
000000000000000000
000000000000000000
000000000000000000
000000000000000000
000000000000000000
000000000000000000
000000000000000000
000000000000000000
000000000000000000
000000000000000000
000000000000000000
000000000000000000
000000000000000000
000000000000000000
000000000000000000
000000000000000000
000000000000000000
000000000000000000
000000000000000000
000000000000000000
000000000000000000
000000000000000000
000000000000000000
000000000000000000
000000000000000000
000000000000000000
000000000000000000
000000000000000000
000000000000000000
000000000000000000
