000000000100010001111111111111010001111111110001000100111111111010011110111111111010111111000000000010011011111111111001001110111111111111110111111111111111011110
111111010101100000000000000011010110000000001000110000111111111110011110000000000010110110000000000010000100111111010111001101000000000010011110000000000010000000
000000000001000000111111111101010111111111111111101011000000000101110100000000000010011000000000000100000110111111110111100000111111111000001000111111111110011111
000000000011011010111111101101111101000000001110110001111111111111101111000000001011011101111111111111111111111111111110001001111111101011000110000000000111111001
000000000000000000000000000000000000000000000000000000000000000000000000000000000000000000000000000000000000000000000000000000000000000000000000000000000000000000
000000000000000000000000000000000000000000000000000000000000000000000000000000000000000000000000000000000000000000000000000000000000000000000000000000000000000000
000000000000000000000000000000000000000000000000000000000000000000000000000000000000000000000000000000000000000000000000000000000000000000000000000000000000000000
000000000000000000000000000000000000000000000000000000000000000000000000000000000000000000000000000000000000000000000000000000000000000000000000000000000000000000
000000000000000000000000000000000000000000000000000000000000000000000000000000000000000000000000000000000000000000000000000000000000000000000000000000000000000000
000000000000000000000000000000000000000000000000000000000000000000000000000000000000000000000000000000000000000000000000000000000000000000000000000000000000000000
000000000000000000000000000000000000000000000000000000000000000000000000000000000000000000000000000000000000000000000000000000000000000000000000000000000000000000
000000000000000000000000000000000000000000000000000000000000000000000000000000000000000000000000000000000000000000000000000000000000000000000000000000000000000000
000000000000000000000000000000000000000000000000000000000000000000000000000000000000000000000000000000000000000000000000000000000000000000000000000000000000000000
000000000000000000000000000000000000000000000000000000000000000000000000000000000000000000000000000000000000000000000000000000000000000000000000000000000000000000
000000000000000000000000000000000000000000000000000000000000000000000000000000000000000000000000000000000000000000000000000000000000000000000000000000000000000000
000000000000000000000000000000000000000000000000000000000000000000000000000000000000000000000000000000000000000000000000000000000000000000000000000000000000000000
000000000000000000000000000000000000000000000000000000000000000000000000000000000000000000000000000000000000000000000000000000000000000000000000000000000000000000
000000000000000000000000000000000000000000000000000000000000000000000000000000000000000000000000000000000000000000000000000000000000000000000000000000000000000000
000000000000000000000000000000000000000000000000000000000000000000000000000000000000000000000000000000000000000000000000000000000000000000000000000000000000000000
000000000000000000000000000000000000000000000000000000000000000000000000000000000000000000000000000000000000000000000000000000000000000000000000000000000000000000
000000000000000000000000000000000000000000000000000000000000000000000000000000000000000000000000000000000000000000000000000000000000000000000000000000000000000000
000000000000000000000000000000000000000000000000000000000000000000000000000000000000000000000000000000000000000000000000000000000000000000000000000000000000000000
000000000000000000000000000000000000000000000000000000000000000000000000000000000000000000000000000000000000000000000000000000000000000000000000000000000000000000
000000000000000000000000000000000000000000000000000000000000000000000000000000000000000000000000000000000000000000000000000000000000000000000000000000000000000000
000000000000000000000000000000000000000000000000000000000000000000000000000000000000000000000000000000000000000000000000000000000000000000000000000000000000000000
000000000000000000000000000000000000000000000000000000000000000000000000000000000000000000000000000000000000000000000000000000000000000000000000000000000000000000
000000000000000000000000000000000000000000000000000000000000000000000000000000000000000000000000000000000000000000000000000000000000000000000000000000000000000000
000000000000000000000000000000000000000000000000000000000000000000000000000000000000000000000000000000000000000000000000000000000000000000000000000000000000000000
000000000000000000000000000000000000000000000000000000000000000000000000000000000000000000000000000000000000000000000000000000000000000000000000000000000000000000
000000000000000000000000000000000000000000000000000000000000000000000000000000000000000000000000000000000000000000000000000000000000000000000000000000000000000000
000000000000000000000000000000000000000000000000000000000000000000000000000000000000000000000000000000000000000000000000000000000000000000000000000000000000000000
000000000000000000000000000000000000000000000000000000000000000000000000000000000000000000000000000000000000000000000000000000000000000000000000000000000000000000
000000000000100011111111111110111100111111110110011001111111111101010011111111111011000000111111111011110011000000000001000011000000000000100000111111111110111101
000000000101101001111111110001100100000000000010100000000000000001110110000000000100000000000000000111111011111111111001000011000000000111111000111111111001101010
000000000011000000000000000000001000111111111101111100111111111011110000111111111010001110111111111011110101000000000101110111111111111010010010111111111101100111
111111111111011011111111111110011110111111110010111111000000000100011001111111111110010010000000001000111101111111111111011100000000000000111011111111111010010100
000000000010111010111111111111011011000000001100000011111111111101111011000000000010011111000000000100010001000000000110011100111111111010000110000000000101001000
111111111111110001111111110011011001111111111011001110000000000011010111000000000001011100000000000000100110111111111101011000111111111100001000111111111110101001
000000000101111100000000000100110100000000000111100110000000000010101001111111111111010110000000001001010011000000000001111101111111111110110001000000000100110100
000000000101001000111111111111111001111111111011011100000000000000011110000000000101011011000000000001111110111111111111100011111111111001010010000000000010111010
000000000000001111111111111101111101000000000110010010000000000110111000000000000100100000000000000010001110111111111111011010111111111000110010000000001001110101
111111111100101011111111111010010101111111111111110110000000000000100011111111111001101110111111111111101011000000000101100110111111111010010111000000001001001111
000000000110001100111111111101001001000000000110010101000000000001101111000000000000010101000000000011010000000000000100010001111111110111000101000000001010011010
111111111010111000111111110111010111000000001000001100000000001001011111111111111111110011111111111011011111111111111110110110111111110111110110000000000111110100
111111111110100110111111110111011001000000000101111011000000000100110000000000000111101100111111111100100000000000000011110011000000000001100010111111111101011011
111111111101110110111111111110111110000000000100011001000000000010111100000000001000011010000000000010000110000000000001100110111111111011001111111111111001001100
000000000011010000000000000001110111000000000011111010000000000010010011000000000010000001000000000001111011111111111100011110111111111110001000000000001001000100
111111110111010110000000000101001110000000000010001010111111111110001101000000000011011000111111111101010000111111111110010001111111111010111000000000000101010110
000000000101100101000000000011011100000000000000100100000000000010101010111111111010000111000000001001001010111111110110111110111111101110101010111111111001110101
000000000010000100111111110001011001111111111101001011000000000000010011000000001000100111000000000001101000000000001001001111000000000101010101111111111111101110
000000000001011000111111111001011100000000000101000001111111111110011100000000000100011110111111111101010011111111111111100011111111111110110110111111111101111111
000000000111111000000000000101010100000000000111010000000000000111000111000000000101001001000000001010100101000000000100100001000000001001010011000000001110110010
000000000011000000000000000000110010000000000010101101000000000011011000000000000001000110000000001000101011000000000110000100111111111111100000111111111111101000
111111111110111111111111111101101001000000000001111010111111111001000111111111111101000001000000000001100111000000000101000110000000000011000001000000000010110111
000000000111010011111111111100011011111111110110010111111111111111010100000000000000001110111111111101000001000000000010100000111111111011101000111111110111000110
111111110101110010111111111001010100000000000011010001111111111001111000000000000010011100111111111111100011000000000001000010000000000001010100111111111000011000
111111111010110111000000000110010101111111111101111111111111111110010111111111111010110100111111111001100010000000000111001111000000000000101010000000001001000111
000000000001111010000000000000000111000000000000001000111111111101101111111111111011000010111111111011010100000000000100100011000000000011010101111111111000000001
000000000010100010000000000001000001000000000110001100000000000100000001000000000001111100000000000001110000000000000001111000111111110111001100111111111111110101
000000000000100010000000000000000111111111111110111000000000000101000011111111111111100110111111111111000111000000000001100010000000000100011001111111111010100010
111111111000001001000000000000101011111111111010000101111111111111001011000000000110001110000000000001011111000000000101000000000000000001001101111111111100010101
000000000010011111111111111011011000000000001000100101000000000000110110000000000001111111000000000101101110000000000011101001000000000010100010000000000101110111
111111111110000010000000000100000111111111111100000100111111110100100011111111111111101111111111111111000100000000000000101010111111111011101010111111111100001010
000000000101101000000000000000100100111111111001110011111111111110110101000000000101001100000000000011101001000000000001110011000000000101001101000000000101100010
111111111101100101111111111100011001000000000011001010000000000011101010000000000001101010000000000001110101111111111101011010111111111101000100111111111101001111
111111111101010101000000000010000010111111111101010001111111111100100000000000000001011000111111111101001001000000000100011010000000000000101011000000000000001111
111111111110010001111111111010000101000000000001001101000000000011110001111111111100110100000000000010010010000000001000001101000000000011100110111111111111101001
111111111110101010000000000101110111000000000011011000000000000000111111000000000010111001000000000010101001111111110110100010000000000011011110111111111110001110
111111111010010011000000000001101000000000000001110111000000000011011000000000000010110000111111111110000100111111111100101001000000000111000100000000000010000110
111111111010111100111111111011001100000000000001101110000000000010001110000000000011011001111111111111010100000000000010010001000000000000011100111111111011001111
111111111111001100000000000010101001111111111111010100000000000011110010000000000010000111000000000101011001111111111110011000111111111011000001111111111111110000
000000000001010111000000000000010010111111111100011100000000000001010111000000000000001100111111111111110100000000000001100101111111111101110011111111111011011101
111111111000100000000000000101001011000000000000011111111111111110001110111111111111110001111111111110010100000000000000110101111111111100101001000000000111000001
111111111010101001000000000010011111111111111100100110111111111100111111111111111110110101000000000001001001000000000010100011000000000111110100111111111111011000
000000000000000011111111111111000010111111111011111100111111111110101001111111111100001000111111111111000001000000000011011011111111111110100100000000000100010111
000000000010101011000000000111001101000000001010011110000000000010101100000000001000001001000000000001010100111111111111101100111111111001101000111111111111100011
000000000000010100000000000011111100111111111110101010111111111110101001000000000100101101111111111111010000000000000101101010000000001000110011000000000101001011
000000000001000011000000000011001001111111110111011111000000000000111011000000000000111101111111111101001011111111111011001001111111111010110111000000000011101100
000000000100001100000000000011001001000000000011001011111111111110010011000000000010010011000000000001100001000000000100010010000000000010011010111111111001111010
000000000100101001111111111011001100000000000110101101000000000100011011000000000100111000111111111011101101000000000100101101111111111111110110111111111100111000
000000000011011001111111111111100001000000000001000001111111111110111000000000000011110111000000000110111011000000000010000110000000000011111000111111111111000110
000000000011100010111111111110000101000000000110100001111111111001010111000000000000001100111111111101111011111111111110101101111111111010110001000000000111101011
000000000101110001000000000111010111111111111110111000000000000001101001111111111110100101000000000100001011111111111101100010000000000000111110000000000011001001
000000000101100101000000000000011100000000000011010011000000000001110001000000000000110111000000000011010000000000000111010101000000000001001111111111111110010110
111111111000001010000000000001110010111111111111010001000000000011001011111111111100011111000000000010000110000000000110101111000000000101111100111111111100011100
111111111001011101000000000100010011111111111111100110000000000000001010000000000001110110000000000000110011000000000010100001000000000010001000111111111101101101
111111111100010001000000000010111100111111111110010101000000000001001011000000000010100100111111111111001000000000000110101111000000000110110101000000000110100010
000000000111011101111111111111011111000000000011110111000000000011000000000000000100011101111111111101101010111111111010011111000000000110001111111111110111110001
111111111111100001000000000000011101000000000001111011000000000010111010111111111001101000000000001000000001000000000000100000111111111000011001000000000100011011
111111111100111101000000000011001110000000000001100000000000000001001100000000000001100100000000000000010001111111111001101100111111111011001100000000000010000000
111111111010011101000000000011011011000000000011000010000000000001111001000000000001011001000000000001100001111111111001101110111111111111011000111111111011110111
111111110110101001000000000001000011111111111100101100000000000000111100111111111110011110111111111101100101000000000010000111000000000001011011111111111111010100
000000000000010110111111111111100111111111111101000100000000000010111111000000000010011010111111111100110100111111111000000001111111111101101101000000000010101101
111111111110100010111111111011101001111111111111101001000000000011110001000000000001110000000000000000010011111111110111111000111111111110001001111111111101110011
111111110101001111000000000101000011000000001000101100000000000011111100000000000010001000111111111011101011111111111001011010000000000000100111000000000100101011
111111111100000011000000000001111101000000000010111101111111111111100011000000000001111001111111111101110110000000000100110010000000000010010101000000000001000010
111111111111111001111111111111111010111111111111111110000000000000100011000000000000000100000000000000001111111111111111101010111111111111110110111111111111111111
000000000000001010111111111111111101000000000000000011000000000000010011000000000000011011000000000000000100000000000000010111111111111111111100000000000000001101
000000000000100001000000000000000100000000000000000000000000000000001100000000000000101010000000000000010001111111111111100110111111111111111100111111111111100111
000000000000011110000000000000010100000000000000000101111111111111110111111111111111100101111111111111110000111111111111100101111111111111101111111111111111111011
111111111111111111000000000000000100000000000000010000111111111111111100111111111111111110000000000000010110000000000000001011111111111111111001111111111111111000
000000000000000110000000000000001010111111111111110010000000000000010010000000000000000101000000000000001011000000000000100000000000000000010011000000000000000111
111111111111111000000000000000001101000000000000001110000000000000001010000000000000001001111111111111111110111111111111110100000000000000010010000000000000000011
111111111111101010111111111111110101111111111111111011000000000000010000000000000000100111000000000000001001111111111111111011000000000000001110000000000000001101
111111111111110100000000000000010001111111111111111100000000000000000010111111111111110111000000000000010010000000000000001111111111111111110111000000000000001000
000000000000000100111111111111110101000000000000001000111111111111110110111111111111110000111111111111101100000000000000001000111111111111111111111111111111111101
111111111111110101000000000000001101000000000000001100111111111111111000000000000000010100000000000000001101000000000000001001000000000000000000000000000000000101
111111111111111010000000000000000000000000000000000000000000000000000010000000000000001100000000000000000100000000000000010100000000000000001000111111111111110111
111111111111111101000000000000000101000000000000000110000000000000001001000000000000000100000000000000010110111111111111110010000000000000000010111111111111110010
000000000000100001000000000000010111000000000000000010111111111111111010000000000000000010000000000000000000000000000000001001111111111111111010000000000000000011
000000000000001011000000000000000011000000000000001001111111111111111101111111111111111111111111111111111101000000000000000101000000000000000100000000000000011100
000000000000010000000000000000000010000000000000011000000000000000011010000000000000000110000000000000000011000000000000100011000000000000011010000000000000001011
000000000000111010111111111111101010000000000001000010000000000000000100000000000000000001111111111111101110000000000000101010000000000000100010000000000000010101
000000000000000100000000000000000111111111111111110111111111111111110100000000000000000110111111111111100011000000000000001100111111111111111110000000000000000111
000000000000100011111111111111110010000000000000000111111111111111111110111111111111111110000000000000000110000000000000001011111111111111111100000000000000000000
000000000000000110000000000000000111000000000000010000000000000000001110000000000000001100000000000000011010000000000000010110000000000000001100000000000000001111
111111111111110100111111111111111110111111111111111100111111111111110111111111111111101001000000000000000100111111111111111010000000000000000010111111111111100101
111111111111111101000000000000001010111111111111111110000000000000011101000000000000001010000000000000001111000000000000000000111111111111101111111111111111110111
000000000000000011000000000000000010000000000000010001000000000000000101000000000000001010000000000000000010000000000000000011000000000000000011111111111111101110
000000000000010101000000000000001000111111111111111101111111111111111000000000000000000110000000000000000101000000000000000000111111111111110111000000000000000001
000000000000000000000000000000000001000000000000101010000000000000011101111111111111111111000000000000000110111111111111101110111111111111101101111111111111111000
000000000000000000000000000000010101111111111111110111000000000000000101000000000000001000000000000000010010000000000000000111111111111111010000000000000000011011
000000000000001110000000000000001100111111111111111010111111111111110010111111111111111111000000000000001001000000000000010101000000000000001110000000000000000101
000000000000001111111111111111110000000000000000000011000000000000001001111111111111111111111111111111111100000000000000000000111111111111111111111111111111111100
000000000000000010000000000000001101111111111111110111111111111111110011111111111111110011000000000000001010111111111111101010111111111111110001000000000000000010
111111111111110000111111111111110110111111111111101010000000000000000001000000000000001010000000000000001101111111111111110000000000000000010010000000000000001001
000000000000001110111111111111110110000000000000010011000000000000001011000000000000000100111111111111111100000000000000000010000000000000001011000000000000001100
000000000000000010000000000000000110111111111111111001000000000000000010111111111111110011111111111111110000000000000000001000000000000000001000111111111111101101
000000000000100111000000000010100110000000000011100111000000000011010100111111111111110000111111111111110000111111111111101101000000000001010111000000000000011101
111111111111111001000000000000000000000000000000000011111111111111111011000000000000001010000000000000000000111111111110111100000000000010110100000000000000001000
000000000000000110000000000000001001111111111111111111000000000000000100000000000000000010000000000000000100111111111111111101111111111111111100111111111111110101
111111111111111000000000000000000001111111111111110111111111111111111010000000000000000000111111111111111100111111111111111101000000000000000111000000000000001100
111111111111011110000000000000011100000000000000000101111111111111100101000000000000001010111111111111111011000000000000010011000000000000001000111111111111001000
111111111111110000111111111111110110000000000000001111000000000000000001000000000000000111111111111111111110000000000000010011111111111111101000111111111111111110
000000000100011011000000000101000110000000000011001010111111111111111011111111111111111111000000000000000010000000000000000001111111111111111000111111111111110011
000000000000011011111111111110001111000000000000000001000000000000000100111111111111100110000000000010010100000000000010000100000000000001001101000000000011011101
000000000000000111000000000000000010000000000000000111111111111111111111111111111111111100000000000000000101111111111111111110000000000000000111000000000000000010
111111111111111110000000000000000101000000000000001111000000000000000111000000000000000001111111111111111010000000000000000010000000000000000110000000000000000001
000000000000000101000000000000000110111111111111111110111111111111111101111111111111111011000000000000000010000000000000000100111111111111111011111111111111110110
000000000000001000111111111111111101111111111111110110000000000000000010000000000000000011000000000000000110000000000000000111111111111111111101111111111111111011
000000000010101100000000000101001011000000000101001111000000000010110001111111111101110010000000000000001100000000000000110011111111111111111100111111111101011101
000000000000000001000000000000000110000000000000000010111111111111111011000000000000000010111111111111111011000000000011110011000000000011000000000000000000110000
000000000010111110000000000101101110000000000100001100111111111111110100111111111111111100111111111111111010111111111111111011111111111111111001111111111111111000
000000000000100001000000000000010010111111111111110101111111111111111110000000000010111100000000000000001100000000000000001001000000000000101000000000000001011010
111111111111111010000000000000000011111111111111111001111111111111111111000000000000000010000000000000000011000000000000000010000000000000000100000000000000000000
000000000000000110000000000000000000000000000000001011000000000000000010000000000000001100000000000000000111000000000000000101111111111111111011000000000000000010
111111111111111011000000000000000000000000000000000010000000000000000101000000000000001000000000000000001000000000000000000100111111111111111101111111111111111111
000000000000000100000000000000001101111111111111111011000000000000000001111111111111111110000000000000000000111111111111111101000000000000001000111111111111111111
111111111111110001111111111111111010111111111111110100111111111111111011000000000000000001000000000000000100111111111111111101000000000000000101111111111111111110
000000000000000000000000000000000000000000000000000000000000000000000000000000000000000000000000000000000000111111111111111000111111111111111001111111111111110001
000000000000000000000000000000000000000000000000000000000000000000000000000000000000000000000000000000000000000000000000000000000000000000000000000000000000000000
000000000000000000000000000000000000000000000000000000000000000000000000000000000000000000000000000000000000000000000000000000000000000000000000000000000000000000
000000000000000000000000000000000000000000000000000000000000000000000000000000000000000000000000000000000000000000000000000000000000000000000000000000000000000000
000000000000000000000000000000000000000000000000000000000000000000000000000000000000000000000000000000000000000000000000000000000000000000000000000000000000000000
000000000000000000000000000000000000000000000000000000000000000000000000000000000000000000000000000000000000000000000000000000000000000000000000000000000000000000
000000000000000000000000000000000000000000000000000000000000000000000000000000000000000000000000000000000000000000000000000000000000000000000000000000000000000000
000000000000000000000000000000000000000000000000000000000000000000000000000000000000000000000000000000000000000000000000000000000000000000000000000000000000000000
000000000000000000000000000000000000000000000000000000000000000000000000000000000000000000000000000000000000000000000000000000000000000000000000000000000000000000
000000000000000000000000000000000000000000000000000000000000000000000000000000000000000000000000000000000000000000000000000000000000000000000000000000000000000000
000000000000000000000000000000000000000000000000000000000000000000000000000000000000000000000000000000000000000000000000000000000000000000000000000000000000000000
