1111111111100101
0000000000001001
1111111011101110
1111111011101101
1111111111011010
1111111011111000
1111111011100000
0000000010110000
1111111101101010
1111111110001011
1111111111011000
1111111111001001
1111110111000001
0000000010001110
1111111110011011
0000000010111101
0000000010100111
1111111001100001
1111111011101111
1111111011111111
0000000000101101
0000000001111011
1111111110100011
1111111000111101
0000000001001011
1111111101011000
1111111100110101
1111111010101111
1111110111111101
0000000001110101
1111110110000000
1111111010110110
1111110110111110
1111110110001001
1111110001010100
1111110111011001
1111111011000101
1111110111001010
1111111001000110
1111110101010111
1111111100101000
1111111011001011
1111111010101001
1111110101110111
1111101110100100
1111111000111000
1111101111001111
1111110110011101
1111110111001100
1111110111011001
1111110101110001
1111110100000010
1111111000010110
1111110100110011
1111110011110111
1111111010100010
1111111010001100
1111111101101011
1111110101101001
1111110101010100
1111110110110100
1111111000100100
1111111010011111
1111110110111001
1111111010001010
1111110101010110
1111110111000000
1111111001000111
1111101101110110
1111110100001110
1111110001000110
1111110110010100
1111110100010101
1111111010000011
1111111100000000
1111111010010110
1111111000111001
1111111111101100
1111110111000000
1111110110110001
1111101010101110
1111111000000001
1111111001101011
1111110101001000
1111110110000010
1111110011111100
1111111100010100
1111111001100110
1111110111011001
1111101111100010
1111111101110111
1111111011101000
1111110111010100
1111111010010011
1111110110000001
1111110111100011
1111110101000000
1111111111010101
1111111111110100
1111110001001010
1111111111101000
1111110011010110
1111110010001011
1111111111110101
1111110110000011
1111111111001011
1111111111110100
1111111111101000
1111111111110110
1111111111000010
1111111111110011
1111111111011001
1111110111100100
1111111111111001
1111111111011000
1111111001110011
1111111111011001
1111101110111100
1111111111011110
1111111111010101
1111111111100110
1111111001100111
1111111111110011
1111101110100001
1111111111101111
1111111111011011
0000000000001001
1111111111001000
1111111010110001
1111111001110100
1111111011100101
1111111010001110
1111111011000101
1111111011000100
1111111010110101
1111111010000101
1111111011010010
1111111010011101
1111111010111101
1111111011011100
