1111111000010110
1111111010101011
0000000100101111
1111111110000111
0000000000010110
1111111001011111
0000000101011001
0000000110000111
1111110110101111
1111111101101000
0000000010100110
1111110110110100
1111111110110111
0000000001110011
0000000000111111
0000000101110000
1111110010000110
1111110101000010
1111111001011000
1111111010001001
1111111000111001
0000000001010110
0000000110011010
0000001001111100
1111111101000110
1111111110101011
1111111101110001
0000000101000001
1111111010011100
1111110110100000
0000000110000010
0000000000101111
1111111110011010
0000000100011000
0000000101101010
1111110111001010
0000000110100110
1111111010101101
1111111101110101
1111111111001010
1111111010100000
0000000001000011
0000000000101100
1111111010110001
1111111000111100
0000000000111000
1111111001110101
1111111111111101
1111111010101011
0000000001111110
1111111100010010
1111111111111110
0000000000010100
0000000110111010
1111111111100111
1111111100111000
1111111110101001
1111111010000101
1111111101001100
0000000011111101
1111110110110011
1111111011010011
1111110111101001
1111110111000011
0000000100100011
1111111011000111
0000000001011110
1111110111010100
1111111100001001
0000000010111010
1111111100010011
1111111100010101
0000000110000000
1111111011100101
0000000100100001
0000000100001100
0000000100101011
0000000010101101
0000000001010001
1111111110011110
1111111011010110
1111111011110001
1111111101011000
0000000000101100
0000000111101110
1111111001011101
1111111000011001
0000000010110101
0000000001011101
0000000000011011
0000000111110000
0000000001100111
0000000101000011
0000000101111111
0000000001001001
1111111110001010
1111111110011010
0000001000001001
0000000111001111
1111111011111011
0000000110101100
1111111101111000
1111111101101111
0000000000001000
1111111101001001
0000001000101000
0000000100000000
1111111001000010
0000000011101111
0000000000110111
0000000001001111
0000000101101110
0000000011011000
0000001000101110
0000000100001011
0000000111100101
1111111001010101
0000000010011010
0000000111111001
1111111101011110
0000000001100011
0000000000110100
1111111010110100
1111111100001101
0000000001111010
0000000110010000
0000000110101001
1111101111111110
0000000000010101
0000000000000010
0000000011100011
0000000001011111
1111111100001000
0000000001100110
0000000100000011
0000000101100110
1111111101001000
0000000110011001
0000000010110010
0000000010011010
1111111010101111
1111111010011000
0000000010010111
1111111001001110
0000000000000111
0000000111100111
1111111100001110
1111111100011001
0000000000000101
0000000110010110
0000000100101010
1111111101001100
1111111110101101
1111111111100000
1111111100011010
1111111011010001
1111111111010010
0000000011000000
0000000010101010
1111111101010001
0000000010001001
0000000101010001
1111111111010100
0000000010110010
1111110011110101
1111111010100111
1111111000110001
0000000011110110
0000000101100011
0000001011001011
0000000110011011
1111111111101100
0000000011110101
0000000001001111
1111111011011011
1111111110011100
1111111011101011
1111111101101000
0000001000111001
0000000011000011
0000000000101011
0000000010000101
1111111111111110
1111111111101001
1111111010100101
0000000000011111
0000000011101100
1111111100000100
0000000011111101
1111110110001001
1111111110111100
1111111110011010
0000000101110010
1111111101000001
0000000000100010
1111111001110100
1111111110110001
0000000011000001
0000001111111100
1111110110100100
1111111011010110
0000000000010011
0000000001100110
1111110011110010
1111111110010011
1111111001110010
0000000000111010
0000000011101010
0000001000010101
0000000100100100
0000000110111000
0000000001000001
0000001010110111
1111111110001100
0000000101010011
0000000110111100
1111111011010000
0000000110011011
0000001000011001
1111111100101000
0000000001010001
0000000110110110
0000000110101100
1111111110011011
0000000011101100
1111111101101101
0000000101000111
0000000110101100
1111110011010001
1111111101011101
1111111110000010
0000000010001100
0000000000000110
1111111111010000
0000000011001111
0000000011101001
0000000011011100
1111111111101000
1111111110110110
1111111110100111
0000000011001111
1111111011001110
1111111110000100
0000000100011100
1111111001110100
0000000001111111
0000000001011101
0000000010101101
1111111000000001
1111110101010100
1111111111101001
1111111111000010
1111111111101010
0000000011100010
1111111000100011
1111111010110100
0000000000001101
1111111111110001
0000000001011011
1111111100111101
0000000001111110
1111111010111100
1111110011010110
0000001001101111
0000000010011101
0000000101110010
0000000000011101
1111111010011001
0000000000101110
0000000001110011
0000000000111110
1111111111100101
0000001001010010
1111111101101101
1111111011011010
1111111001101101
1111111110101001
1111111100101111
1111111010111111
1111110100100000
1111111001101001
0000000111101111
1111111110011011
1111111111011001
0000000000011101
1111111010001110
1111111110010000
0000000101000011
1111110101110110
1111110111001010
0000000010001101
0000000100000010
0000000010011001
0000000011101101
0000000011101100
0000000010001001
0000000011100010
1111111011111110
0000000101111111
0000000100110100
0000000110110001
1111111110110010
1111111111010010
1111111111100111
1111111100100100
0000000010000111
1111110101101100
0000000001010011
1111111011000100
0000000000000100
0000000010010111
0000000111010110
0000001000100000
1111111110010000
1111111101001110
0000000011111010
0000000010110000
0000000011101101
0000000010101010
1111111110101110
1111111100011011
1111111110111101
0000000100000110
0000000110110111
1111110010001010
1111111010100100
0000000110001010
0000000011011100
1111111111011010
1111111111100011
1111111011011111
0000000110001101
0000000011001011
0000000100000011
0000000101110100
0000001011010100
0000000000101001
1111111001011101
0000000010010111
1111111100100011
0000000000100001
1111111100011101
1111111011100111
0000000010100000
0000000000011100
1111111111010100
0000000010101011
0000000011000001
1111111011010011
1111111110111101
1111111010011101
0000000001101111
0000000001110011
1111111101101011
0000000001010011
1111111001101111
0000000101000010
1111111111001010
1111111101010011
1111111100100010
1111111101110001
0000000001001000
0000000000100011
0000000000110000
1111111001111011
1111111110000010
0000000000100110
1111111101111000
1111111110000101
0000000010010001
0000000101100111
0000000010101100
0000000000110101
1111111100111110
0000000100001011
0000000010111010
0000000011000111
1111111010111101
0000000000000010
0000000000111001
0000000010101010
0000000101001011
1111111011110110
0000000100010110
1111111110101110
0000000000111100
0000000010110011
0000000001011010
1111111110000110
0000000010001111
1111111111001000
0000000000011110
0000001010000100
0000000000010010
1111111100001100
0000000001000011
1111111110111001
1111111111011010
0000000011111101
1111111101000101
1111111100101000
0000000010110001
1111111010011010
1111111110111010
1111111010101011
0000000000111101
1111111100110000
0000000111001110
1111111111100101
1111111011001010
0000000011001011
1111111111101010
1111111010100111
0000000000100101
0000000010001101
1111111111110001
1111111001010101
1111111111010100
1111111111100001
0000000011000010
0000000100101010
0000000011101110
1111111111000001
1111111101001111
0000000000010001
1111111110001101
0000000010010111
0000000001100011
0000000000011110
0000000100010011
0000000000011111
0000000011110101
0000000010101000
0000000011000010
0000000100101000
1111111111010010
0000000111110000
0000000000100010
0000000001011111
0000000111010111
0000000110100011
0000000000001101
0000000000000101
0000000001101100
1111111011100100
1111111110110001
1111111101101001
0000000010110001
1111111101010101
0000000010100000
1111111100001100
0000000110000001
0000000100010001
0000000011011011
0000000111001110
0000001010010010
0000000010000101
0000000100001111
0000001001001011
1111111010111101
1111111011111101
1111111111110000
1111111100101110
0000000011100000
1111111001001110
0000000000011101
1111111110010100
1111111101000101
1111111101111111
1111111011010110
0000000010110100
0000000001010011
1111111011010010
1111111100010111
1111111110100011
1111111010100100
1111111000001010
1111111110100110
1111111010111010
0000000011111010
1111111111001100
0000000010100000
1111111000101100
1111111111011100
1111111001100001
1111111110011110
1111111111100011
0000000001111100
0000000101010110
1111111100111100
1111111110000011
0000000101000000
1111111111000001
0000000110001000
0000000011111001
1111111100001010
0000000110001011
0000000001110011
1111111011100100
0000000001110100
0000000001010100
0000000100011110
0000000001100000
0000000001011011
1111111110101100
1111111101110111
1111111011001101
1111111100001001
1111111100010011
0000000010010100
1111111111101100
1111111111000011
1111111111100000
0000000000100101
0000000001001000
0000000001011100
0000000100111001
0000000001100100
0000001001110111
1111111010001110
0000000000101000
0000001000101001
0000000010001100
0000000110010100
0000000111000100
0000000101000010
0000000011011110
0000001001001000
0000000100100001
0000000001110010
0000000000010110
1111110111011110
1111111010001101
1111111001100100
1111111011101111
0000000000001000
1111111110101111
1111111111111100
0000000000111001
0000000000110111
1111111001100011
0000000011000100
0000000001001110
0000000000100001
1111111110110110
0000000001011010
1111111001110001
1111111111111001
0000000001011110
0000000100110011
1111111111101001
0000000000010011
0000000001101001
0000000011010011
1111111100100101
1111111011010111
1111111100001010
1111111101010110
0000000001010111
0000000100000100
0000000000000100
1111111111101100
0000000001000000
1111111110010001
1111111110001010
0000000011001101
1111111100000110
1111111101010100
1111111011100001
0000000100100000
1111111001101101
1111111011100011
0000000110001011
0000000011110101
0000000001111111
1111111111111010
0000000010110001
1111111101101100
0000000000011011
0000000011000000
1111111111011000
1111110111001010
1111111101111111
1111111100001111
0000000001100011
1111111110111101
0000000010000110
1111110110111001
0000000101100011
0000000000100001
1111111100111011
1111111011110011
1111111110000111
0000000000101011
0000000101110000
1111111101010001
0000000000100100
1111111011110111
0000000001111100
1111111101000100
0000000010110101
1111111101000001
1111111101110111
1111111100111101
1111111101100000
0000000011111010
1111111110011000
0000000000001000
0000000001011100
0000000011010000
0000000000000001
1111111111110100
0000000000010010
1111111111111010
1111111111111001
1111111111101100
1111111111111101
0000000000000111
0000000000010010
1111111111111010
1111111111111000
0000000000001110
1111111111110001
1111111111111001
0000000000001101
1111111111111110
0000000000010100
1111111111101111
1111111111110010
0000000000010001
1111111111111010
1111111111110100
1111111111101000
0000000000001000
0000000000011011
0000000000001111
1111111111111000
0000000000001001
1111111111011110
1111111111110111
1111111111110000
1111111111110111
1111111111110001
1111111111110111
1111111111110111
1111111111111011
0000000000010000
0000000000001100
1111111111111100
1111111111111111
0000000000000011
1111111111111001
0000000000000011
1111111111111101
1111111111101110
1111111111111001
1111111111101110
0000000000001001
1111111111111100
1111111111111000
1111111111111010
1111111111101101
1111111111110011
0000000000011010
0000000000000001
1111111111111111
0000000000000100
1111111111110111
1111111111111101
1111111111111111
0000000000001001
1111111111111110
0000000000010011
0000000000010110
0000000000001000
0000000000001001
0000000000001100
0000000000001110
0000000000000000
0000000000010001
1111111111110111
0000000000000111
0000000000001011
1111111111111000
0000000000000011
1111111111110101
0000000000000111
1111111111110110
1111111111101011
0000000000001001
1111111111111010
1111111111110110
1111111111111001
0000000000001101
1111111111111010
0000000000100010
1111111111110101
0000000000000010
1111111111111110
0000000000000100
1111111111101111
0000000000001010
0000000000000001
1111111111111101
0000000000000000
0000000000000000
0000000000000010
1111111111111110
0000000000000100
0000000000001101
0000000000000110
1111111111111011
0000000000000010
0000000000001100
0000000000001110
0000000000000111
0000000000000011
0000000000000110
1111111111111001
0000000000000001
1111111111111010
1111111111110111
0000000000000011
1111111111110011
0000000000000010
1111111111111001
1111111111110101
1111111111110001
1111111111111011
1111111111110011
1111111111111001
0000000000000010
0000000000001010
1111111111111100
1111111111110111
0000000000000001
0000000000011000
0000000000010100
1111111111111000
0000000000000101
0000000000000000
1111111111110111
0000000000000110
1111111111111100
1111111111111001
0000000000001111
0000000000000000
0000000000001000
0000000000000010
1111111111111101
1111111111110110
1111111111111001
1111111111110110
0000000000011101
0000000000001000
0000000000001100
1111111111111110
0000000000010101
0000000001011100
0000000000001011
0000000000000010
0000000000001001
1111111111101110
0000000000010101
0000000000101010
0000000000000000
0000000000001000
0000000000000011
0000000000000011
0000000000000000
0000000000001110
0000000000010101
1111111111111100
0000000000001110
1111111111110111
0000000000000011
0000000000001111
0000000000001100
0000000000001001
0000000000000111
1111111111111001
0000000000001100
0000000000001100
0000000000001010
1111111111111000
0000000000000100
0000000000000100
0000000000000010
1111111111111011
0000000000000010
1111111111110101
1111111111111100
1111111111111010
1111111111110000
1111111111111000
1111111111111011
1111111111110111
1111111111111100
0000000000000001
1111111111111010
0000000000000010
1111111111101100
1111111111111000
1111111111110111
1111111111111001
0000000000000011
0000000000010010
1111111111101000
1111111111101010
1111111111110110
0000000000001110
1111111111111110
1111111111111111
1111111111110011
1111111111100011
1111111111111010
1111111111111001
1111111111111010
1111111111111010
0000000000001101
1111111111101100
0000000000000011
0000000000001000
0000000000000000
0000000000000000
0000000000001001
0000000000001000
0000000000000110
1111111111111011
1111111111101111
1111111111111101
0000000000010000
1111111111111111
0000000000001111
0000000000010001
1111111111110001
0000000000000101
0000000000000101
1111111111101100
1111111111010111
0000000000001100
1111111111111110
0000000000000100
0000000000100011
1111111111111111
0000000000001111
0000000000001100
0000000000001100
0000000000010001
1111111111111101
1111111111110000
0000000000000000
1111111111111010
0000000000000001
0000000000010101
1111111111111011
1111111111111100
1111111111111000
1111111111111010
1111111111111001
1111111111110010
0000000000000011
1111111111111011
1111111111111001
1111111111101010
1111111111101010
1111111111110110
1111111111111100
1111111111111011
1111111111111110
1111111111111001
0000000000000010
0000000000001011
1111111111111100
0000000000000000
0000000000000001
0000000000001001
0000000000000110
0000000000001100
1111111111101101
1111111111111110
1111111111111000
0000000000001110
0000000000011110
0000000000000110
0000000000010000
1111111111111011
0000000000000101
1111111111110101
1111111111110001
0000000000000101
1111111111111101
0000000000000000
1111111111111011
1111111111110101
0000000000001000
0000000000000010
1111111111111110
0000000000000011
1111111111110110
1111111111110100
0000000000100101
0000000000000010
0000000000010110
0000000000110011
0000000100101000
0000000101000111
0000000101000111
0000000000011001
1111111111010010
1111111111110000
0000000001111011
0000000000001100
0000000000000010
1111111111110110
0000000000000100
0000000000001100
0000000000000100
1111111111111101
1111111111111101
0000000000001000
0000000000000111
1111111111111010
0000000000001010
1111111111111010
0000000000000011
0000000000000110
0000000000001011
0000000000001000
0000000000000100
0000000000000010
0000000000001101
0000000000000100
0000000000000110
1111111111111110
1111111111111110
0000000000001110
1111111111110110
1111111111101101
1111111111110110
0000000000001110
0000000000000001
0000000000100001
1111111111100110
1111111111111101
1111111111101001
1111111111110101
1111111111100100
0000000000001001
0000000000000111
0000000000000100
0000000000000100
0000000000001011
1111111111111111
1111111111111001
0000000000001000
0000000000001001
0000000000001110
0000000000000001
0000000000001100
0000000100101011
0000000101110101
0000000010110110
0000000100011110
0000000000010001
1111111111111110
0000000001101111
0000000000000000
0000000000010100
1111111111110100
1111111111111100
0000000001000101
0000000000000111
1111111111111111
1111111111111101
0000000000000011
0000000000000101
1111111111111011
1111111111111101
1111111111111111
0000000000001100
0000000000000111
0000000000001111
0000000000001100
0000000000001000
0000000000010010
0000000000010000
1111111111111011
0000000000010101
0000000000001100
0000000000001111
0000000000010101
0000000000001110
0000000000011001
0000000000001000
0000000000000100
0000000000000001
1111111111111110
0000000000000100
0000000000000101
0000000000000111
0000000000000101
0000000000001011
0000000000000100
0000000000000111
0000000000001111
1111111111111111
0000000000000100
1111111101100001
0000000000010000
1111111111011010
1111111111100001
0000000000111110
0000000001111111
0000000101011001
0000000100101000
0000000010011000
0000000011010111
0000000001000101
0000000100010011
0000000000000101
0000000000001010
1111111111110001
1111111111111110
1111111111111001
1111111111110110
1111111111110010
0000000000000101
1111111111101111
1111111111111001
1111111111110100
1111111111110010
0000000010110101
0000000100110111
0000000100100111
0000000010001111
0000000000010110
1111111111011010
1111111111111110
1111111111110000
0000000000001010
1111111111011011
1111111111101100
0000000000110110
0000000000000000
1111111111110111
1111111111111011
1111111111111010
1111111111101101
1111111111111010
1111111111110001
1111111111111011
1111111111111011
0000000000000011
1111111111111001
1111111111111001
0000000000000010
0000000000000011
1111111111111001
1111111111110111
0000000000000011
1111111111111011
1111111111111000
0000000000000110
0000000000000001
0000000000000101
1111111111111010
0000000000000000
1111111111110110
1111111111111010
0000000000000001
0000000000001111
0000000000000000
1111111111111111
0000000000000001
0000000000000110
0000000000000000
0000000000010001
0000000000000100
0000000000000011
0000000000001101
0000000000000100
0000000000001001
0000000000011100
0000000000000011
0000000000000110
0000000000000100
0000000000001000
0000000000000100
0000000000001010
0000000000001001
1111111111111101
