0000000111110101
0000000011010100
1111110101011000
1111111111011111
1111111100110001
1111111110010001
0000000010001011
1111111110010000
1111111110111001
1111111101100111
1111111000011111
1111111010101001
0000000100110010
0000000011111010
1111111000100100
1111101111000100
0000000000011000
0000001011000010
0000000100010101
0000000001010101
1111111111001100
1111111110001101
1111111110010111
0000000001101100
0000000001110111
1111111100100011
0000000010111111
1111111011011001
1111101100100101
0000000001100011
1111110110110100
0000010111100110
0000010101001100
0000000000100101
1111101111011000
1111101001000100
0000000001010000
0000000001100100
0000000011000111
1111110101001011
1111111010101011
0000000001111111
1111111100010101
0000000000000100
1111111011010010
0000000011010011
1111110111101000
1111111101100111
1111111011001001
1111111100010010
1111111011000000
1111111101010000
0000000100000111
1111111010000011
1111111111010011
0000000000111011
0000001000001000
0000000000001101
1111111011010010
1111111101110100
1111111001111000
0000000010100000
0000000010000111
0000001010010001
1111111111101010
0000000011100100
0000000100000100
1111111101010111
0000000001000000
0000000101011010
0000000001101111
1111111010010001
0000000000110111
1111111101010110
0000001010001011
0000000100111010
0000000100110000
1111111101110110
0000000010101110
0000000011001110
1111111010010000
0000000101110110
1111111111000110
1111111100001111
1111111111100100
1111111111111001
1111111001110111
1111111011011000
1111111101100111
0000000011000000
0000000111010101
0000000111001011
0000000101111111
0000001000110011
0000000010111110
0000000101101001
0000000010101000
0000000001111011
0000000000000110
0000001000011110
1111111111100011
1111110111110110
0000000100000100
1111111101000110
1111111000100001
1111111100110011
0000000010110111
1111111000101101
0000000010110001
0000000100011101
0000000000111001
0000000100101010
1111111011100010
0000000000011000
0000001000101111
0000000010011100
0000001000110010
0000000100010111
0000000010100100
1111111100000100
0000000100000001
0000001000110001
1111110011100001
0000000011110011
1111111010101100
1111111101110010
0000000001001000
1111111100011101
1111111101100111
0000000000110000
1111111111000111
1111111101110011
0000000100001011
1111111101010101
0000001101001001
0000001000010100
0000000110110010
0000001010010001
0000000100011011
1111111101100111
1111111100010101
1111111111000100
0000000011111011
0000000000100001
1111111100000111
1111111010111000
1111110111111001
0000000001111110
1111111011000111
0000000011110111
0000000001101110
1111111110111010
0000000010010100
0000000000001001
0000000010110010
1111111100101111
0000000011001101
1111110110000011
0000000010000101
0000000011101110
0000000110111111
1111110110101011
1111111001000000
1111111000011101
1111110101111101
0000000100011110
1111111110001000
1111111110111001
0000000010110101
0000000001010011
1111111001011100
1111111001101100
0000000001000011
1111111100111011
0000000111010100
0000000000110001
1111111101001000
1111111100011111
1111111100000001
1111111011001111
0000001001101000
1111111110011000
0000000000001101
1111111001010101
0000000000100110
1111111110001000
0000000111000110
1111111000010010
1111111011110011
1111110110011110
1111111010101100
1111111110000011
0000000101111101
0000000000101100
1111111101000011
1111110111001110
1111111010111001
0000000101000011
1111111100110101
1111111011011100
0000001100110011
0000000011111010
1111111001000110
1111111110100001
1111111111001110
0000000001011000
1111111100110000
0000000110011000
0000000110011110
0000000111000011
0000001011110010
0000000101110101
0000000001010111
0000001101110010
0000001000011011
0000000100101011
0000001110001010
0000000000110010
0000001001101110
0000000101110011
0000000101011101
0000000101011100
0000000100010011
0000000011101010
0000000010000000
0000000110111001
1111111011001110
1111111001100111
0000000011011011
1111111111110101
0000000001001010
1111111111110011
0000000010011100
1111111111110101
0000000110101111
0000000100101011
0000000101010111
1111111000111100
0000001000001011
1111111011000010
1111111111110000
1111111100010100
1111111111100011
1111111100110110
0000000010000010
0000000110011001
1111111101010110
1111111011100010
0000000101010100
0000000010101000
0000000010000100
1111111011110001
0000000111000001
1111110100110010
0000000100111000
1111111100111000
0000000101000011
0000000000100100
0000000000100111
1111110111100111
1111111100011100
0000000000000011
1111111111011011
1111111111101000
1111111100111010
0000000000101011
0000000100100000
1111111100110100
0000000001100101
1111111001000000
0000000010010101
0000001000101011
0000000100010000
1111111101100010
0000000001100110
0000001101101000
0000000001110111
0000000001000100
1111111101001000
1111111010101111
0000000101000100
1111111111111010
1111111100111001
1111111110111111
0000000100001110
0000000000011010
1111111100001001
1111111111100110
1111111001001001
1111111110101010
0000000000010110
0000000000110101
1111111011100100
0000000011010001
0000000001001000
1111111011010001
0000000011111011
1111111011100000
1111111100001111
0000000000001001
0000000100001100
0000000010100001
0000000000110001
1111111110101000
0000000010001110
1111110110111110
1111111111111111
1111111100010101
1111111100000111
1111111101001111
0000000011100101
0000000101010011
0000000001001001
0000000000001010
0000000000001100
0000000000100010
0000000001101000
1111111100100100
0000000001001000
0000000100010100
0000000001010110
0000000001000110
0000000001110110
1111111110110110
1111111111110101
0000000011110100
0000000000111010
0000000011100101
0000000100101111
1111111110100101
0000000000010110
0000000001110000
1111111011101011
0000000000101010
0000000101010011
0000000110100100
1111111000100111
1111111010100100
0000000110000011
1111111110110001
1111111111110000
0000000010101110
1111111111110001
0000000001101011
0000000001111101
1111110100010011
0000000001010001
0000000100111100
1111110111100100
1111111110001001
0000000100001111
0000000011101110
0000000000110101
1111111100001001
0000000001000110
0000000010010111
0000000001001100
1111111110111010
1111111010010010
1111111100110000
0000000001000110
1111111101111000
1111111101010100
1111111011011110
1111111110001100
1111111100011010
0000000001100111
1111111111110101
1111111010011110
1111111111001110
1111111111100001
1111111101011100
0000000110000000
0000000110111110
0000000000101000
1111111010011010
0000000001001011
1111111110101111
0000000000100001
1111111111001110
0000000000001000
0000000010001100
0000000010000010
1111111000101100
1111111100000010
0000000000000000
0000000000001010
0000000010110010
0000000001010000
0000000001010110
1111111001101001
1111111111010111
0000000011011011
0000000000101111
0000000000110010
0000000010100011
1111111001001010
0000000001100010
1111111100101000
1111111000100010
1111111101111000
1111111000000000
1111111110110110
1111111111110100
1111111100110100
1111111100110000
0000000001100101
0000000001100010
0000000000011110
0000000100001100
0000000001011000
0000000001101001
1111110110111111
1111111011111111
1111111100001001
1111111011111110
1111111010011011
1111111000000101
0000000010110101
1111111011110010
1111110110110111
0000000011000110
1111111111110110
0000000011010011
0000000010110010
0000000010110101
1111111010100001
1111111011010000
1111111010110100
0000000000101001
1111111110110001
1111111110010110
0000000111001100
0000000011001000
0000000111000011
0000000000001111
0000000100101001
0000001010100100
0000000001100000
0000000111111010
0000000100100110
0000000001111000
0000000110010011
1111110110100101
1111111000110011
1111111101110100
1111111011100011
1111111100001101
1111111111110011
0000000100000010
0000000111110111
0000000101010110
0000001000110010
0000000011110010
0000000100001000
0000000111111001
0000000000100111
0000000100100101
0000000001001010
0000000011101111
1111111111100010
0000000010010110
1111111101010010
0000000100101001
1111111010000101
0000000010000000
0000000011110100
0000000011101010
0000000000101111
0000000000100010
0000000000100001
1111111100111001
0000000011010001
0000000001000011
0000000000001001
0000000100110011
1111111110111000
0000000010110000
0000000100110011
1111111001110000
0000000011111111
1111111011000001
1111111011111001
0000000001011000
1111111110000101
0000000000010100
1111111110011011
1111111001000110
0000000010101110
0000000000110111
0000000010101101
0000000001111100
1111111111011010
1111111111000100
0000000000111010
1111111111000111
0000000001011001
1111111101100101
0000000010110011
1111111111100111
0000000000110010
0000000110100001
1111111100001011
0000000001010100
1111111101110001
0000000011100001
0000000100000011
0000000011110111
0000000001110111
0000000001101000
1111111111010101
0000000010000000
0000000010000011
0000000000000111
0000000101011100
0000000000110011
0000000111010000
0000000000110000
0000000110010100
1111111100101000
1111111111000110
0000000001001111
0000000110001101
0000001000011001
0000000101100000
0000001010010100
0000000100111101
0000000000111111
0000000110111011
0000000000111100
0000000110110000
0000000011000101
1111111100100011
1111111100000001
0000000001001010
1111111001101001
0000000001111101
1111111001001100
1111111010101010
1111111100011100
1111111111101001
1111111010101000
1111111010010111
0000000010101101
0000000001100010
1111111110011000
0000000011111100
0000000000001000
1111111001101011
1111111011101010
1111111010000000
1111111111001011
1111111100000100
1111111001110010
1111111110010100
1111111110111110
0000000011100110
1111111110101110
0000000110110001
0000000011110000
0000000001011000
0000000001000111
0000000000111100
0000000000110000
0000000001110110
0000000011001001
1111111010100001
0000000100010001
1111111011011110
1111111111011111
0000001000000000
0000000011111101
1111111011000111
1111111100010011
0000000011101001
1111111110010000
0000000110111000
0000000001011011
1111111001001011
1111111010000100
0000000001010010
1111111100111110
1111111010111110
1111111111110100
0000000111101011
0000000001101100
1111111111001010
1111111100110110
1111111110000100
0000000010000010
0000000000010001
0000000001110110
0000000011110011
1111111010110100
0000000001011101
0000000010011111
1111111110000101
1111111110010000
1111111101000111
1111111101000001
1111111101000010
0000000101110100
1111111001110100
0000000011110001
0000000100011001
0000000101010100
1111111110101000
1111111110101001
0000000101110001
1111111011000001
1111111001101011
0000000001101100
1111111101001100
0000000010010001
0000000001011001
1111111110000000
1111111100110011
1111111111010100
0000000011011011
0000000001010011
1111111111011010
1111111110100010
1111111011110010
1111111101010100
1111111110001100
1111111111011011
0000000010100010
0000000010110100
1111111111000100
0000000001111100
0000000000111100
1111111111110011
0000000000100010
0000000010110101
1111111111001111
1111111110000001
0000000011110111
1111111110001000
0000000010001111
0000000001000111
0000000001001111
1111111010001001
0000000000111011
1111111101000101
1111111110001000
0000000101111110
1111111111000100
0000000110101110
0000000010100100
1111111110100100
1111111011000110
0000000100011111
0000000101000100
0000000111100010
0000001011001101
0000001001110001
0000001000001001
0000000000010001
1111111110001100
1111111111010100
0000000001110011
1111111111011011
1111111100100111
1111111111010111
0000000010000100
0000000100001110
1111111010101010
1111111110000110
0000000010010000
0000000010100111
0000000011001111
0000000010010110
1111111110100001
0000000001101110
0000000011110110
1111111011101011
1111111111101101
1111111100111011
0000000001000101
1111111101001110
1111111111100110
0000000001000101
0000000000111110
0000000001101001
1111111011110010
0000000000100001
0000000000001111
0000000000110010
1111111111100101
0000000001100100
0000000100101010
0000000000001100
0000000000111111
0000000000000100
1111111110011000
0000000000100000
0000000000000101
1111111111000001
1111111111011010
0000000011000010
0000000000111101
0000000001001010
1111110111101111
0000000000011101
1111111101010111
1111111110011110
1111111101101000
1111111110111000
1111111010110001
1111111010011100
1111111010111010
1111111100100110
1111111111000100
1111111100011010
1111111100110011
0000000010111111
1111110010110001
1111110111010111
1111111101110100
1111111111000110
1111111111010000
1111111101110001
1111111110010101
0000000000101101
0000000001001111
1111111101100100
0000000010000111
0000000100001101
0000000101001111
0000000010010100
0000000000011001
1111111100111101
1111111111100000
1111111110001101
1111111011111101
1111111110101011
1111111111001010
0000000011001001
0000000001100000
0000000000100000
1111111110111101
1111111110011000
0000000001110111
1111111001000110
0000000011111000
1111111111010110
0000000000111100
0000000000111110
1111111101010000
1111111101100011
1111111111111101
1111111110010111
0000000000110100
1111111011111110
0000000000011111
1111111110010000
0000000000101000
0000000101011000
0000000011101000
0000001010111100
0000001110010101
0000001110000110
0000010001001010
0000010001110100
0000010100011011
1111111101110100
0000000000110111
1111111110001011
0000000001110000
1111111101111011
1111111110111101
1111111110100100
0000000100101101
0000000001101001
0000000001101110
0000000000001101
0000000010100101
1111111010111101
1111111110111101
1111111100111101
0000001011001111
0000000111001010
0000000010100111
1111111110010101
1111111111100010
0000000001101111
1111111010010110
1111111101011001
1111111111101000
1111111101001000
0000000010101000
1111111101111000
1111111100100011
1111111111100100
0000000010000000
1111111111001110
0000000001001110
1111111110011101
0000000100100101
0000000000011010
0000000001110111
0000000011000100
0000000000100011
1111111100001000
1111111000111100
0000000001011110
0000000000110000
0000000100010000
0000000001001011
1111111110101000
1111111111011000
1111111101111011
0000000001111110
0000000001100111
0000000000010101
0000000000101100
0000000011000111
0000000000110110
0000000100101101
0000000001111110
1111111110110111
1111111100010011
1111111110001000
1111111100110101
1111111111101101
0000000001101101
0000000000110000
1111111101100100
1111111111010111
0000000001001010
1111111100010010
1111111101000001
0000000001110110
1111111110001010
1111111111111111
0000000100111011
0000000011000000
0000000101110000
0000000000100100
0000000011011010
0000001010100011
0000000110111100
0000001111100000
0000001110010000
0000010001010000
0000010000010100
1111111111101011
1111111011010011
0000000000010011
1111111110111010
1111111110110011
1111111100100101
0000000000101001
0000000001000010
1111111111000111
1111111110110100
0000000001000000
0000000001110011
1111111101110011
0000000001000100
1111111111001111
0000000010001100
1111111101101100
0000000011111100
1111111111001010
1111111110011111
0000000001010101
1111111101010001
0000000001101101
0000000100010001
0000000011110001
0000000101100001
1111111111010000
1111111011111110
1111111101000001
0000000011011000
1111110110101100
0000000001110110
0000000010000001
0000000000000001
1111111110110110
0000000001111100
1111111110100111
0000000001110000
0000000101011101
0000000001101111
0000000001010100
1111111110001000
1111111110010100
0000000010101000
0000000010100010
1111111111101000
1111111111011110
1111111101101100
0000000001011011
1111111101001010
0000000000110101
0000000010100011
0000000001110000
1111111110011101
0000000000010110
1111111111101011
1111111111111000
1111111111011101
0000000000000111
0000000011001011
0000000101000110
0000000100110101
0000000000101111
0000000000001111
1111111111011100
0000000000000011
1111111111111101
0000000000000001
1111111111111001
1111111111111100
0000000000000001
1111111111111101
0000000000000000
0000000000000000
0000000000000011
0000000000001011
1111111111111010
0000000000000001
0000000000000000
1111111111111100
0000000000000111
0000000000001011
1111111111111011
0000000000000101
0000000000000000
1111111111111011
0000000000000110
1111111111111100
0000000000000000
0000000000001001
1111111111100101
0000000000100111
0000000000010110
0000000000000000
1111111111010001
1111111111110101
1111111111110000
0000000000000011
1111111111111111
1111111111100111
0000000000101000
1111111111101000
0000000000000001
0000000000000101
0000000000000010
0000000000000100
1111111111111101
0000000000000000
1111111111111011
0000000000001011
0000000000000010
0000000000000010
1111111111111111
1111111111111001
0000000101001110
0000000100100000
0000000101110010
0000000010111011
0000000000010111
0000000000011000
0000000010000010
0000000000111011
1111111110111101
1111111111101110
0000000010111011
1111111110011101
0000000000000101
0000000000001001
0000000000000000
0000000000000101
0000000000000110
1111111111111110
0000000000000010
1111111111111101
0000000000001001
0000000000001010
0000000000000000
0000000000000000
0000000000000010
0000000000000000
0000000000000101
0000000000010011
0000000000000011
0000000000000011
0000000000000010
0000000000000000
0000000000001011
1111111111111110
0000000000010100
0000000000001101
0000000000000100
0000000000000011
1111111111111111
0000000000000100
1111111111111111
0000000000000001
1111111111111011
0000000000001000
0000000000000000
0000000000001010
0000000000000000
1111111111111011
1111111101010101
0000000000011001
0000000000000010
0000000000111110
0000000000001101
0000000001001000
0000000011011101
0000000010010101
0000000011111001
0000000000011010
0000000011011000
0000000011010110
1111111111110010
1111111111110111
1111111111111010
0000000000000000
1111111111110011
1111111111110111
1111111111111001
1111111111110111
1111111111110110
1111111111110010
1111111111101111
1111111111111000
0000000101100110
0000000100010001
0000000011110110
0000000000101001
0000000000010111
1111111111010010
0000000001101010
1111111111001010
1111111111010011
0000000000010000
0000000000000100
0000000001001100
1111111111111111
1111111111111111
1111111111111101
1111111111111101
1111111111110100
1111111111110100
1111111111110110
0000000000000110
1111111111110010
1111111111111110
0000000000000100
1111111111101111
0000000000000011
0000000000000110
1111111111111101
0000000000000101
0000000000000011
0000000000000010
0000000000000010
0000000000000010
0000000000001100
0000000000000111
0000000000000100
0000000000001100
0000000000000010
0000000000000000
0000000000000011
0000000000000111
1111111111111110
0000000000000101
0000000000000010
1111111111111111
0000000000000111
0000000000000000
1111111111111101
0000000000000111
0000000000000111
1111111111111111
0000000000000001
0000000000000110
1111111111111111
0000000000000011
1111111111111111
0000000000000010
1111111111111010
0000000000000001
0000000000000010
0000000000010010
