1111111101001101
1111111101100110
1111111100000000
1111111110101100
0000000010111000
0000000101100100
0000000100001100
1111111111100001
0000000011111000
1111111100100101
0000000010101101
1111110111011011
1111111101111111
1111111110010011
1111111000101011
1111110110000011
1111111110100100
0000000000001000
0000001000110110
0000000100010101
0000000010010111
1111110011100101
1111111110011100
1111111100101001
0000000000111111
0000000100100011
1111111111010111
1111111110110111
1111110011011011
0000001010111101
1111101101111101
1111111110110000
1111110111101010
1111100000000001
1111001110010000
1111101111100001
0000000100010001
0000000000100011
1111111110110110
1111110111011101
0000000100010110
1111111001001000
1111111101001010
0000000010000100
0000000011011110
1111111100110101
1111111010100100
0000000011101110
1111111101101001
0000000011010110
0000000101110110
1111111110000001
0000000001000110
0000000100100101
0000000100111100
1111111111110011
1111110110011101
1111111101110010
0000000010110100
0000000100001111
1111111111001111
1111111111000001
1111110011010100
1111111110110010
0000001001011010
0000001001101001
1111111111010000
0000000001000111
1111111111111010
1111111011101000
1111111001011001
1111110110000100
1111110111011111
0000000100110000
1111111101010001
1111111100011110
1111111010110101
0000000110000010
1111111101100011
0000000100010011
0000000001011111
1111111111001100
1111111000011010
0000000111011111
1111111000110000
0000000111010110
1111111101110101
1111111101110101
1111111011001011
0000000010110100
0000000010001010
1111111100111111
0000000101011010
0000000000100010
0000000101111010
0000000101001111
0000000100101011
0000000011001111
0000000111000001
0000001001000011
1111111000110011
0000000010001110
1111111010110000
0000000001110100
0000000000010011
1111111111000100
0000000100000001
1111111101000110
1111111101011011
0000001000000000
0000001100010010
0000000001010010
0000000000110101
0000000101100111
0000000000011101
0000000011100101
0000000011000111
0000000000011111
1111111100011000
0000000010000101
1111111100100101
1111111010010000
0000000001010101
1111111110111100
1111110101100100
0000001010001111
1111111100001101
0000001000001000
0000000001110011
0000000001011111
1111111100111000
0000000011101010
1111111100001001
1111111001100111
1111110111001000
1111111100110011
1111111011111001
1111111011101111
0000001000010100
1111111100101100
0000000101100000
1111111110110010
0000000011111000
0000000100011111
0000000100100000
0000000110000010
1111111111010101
0000000110000101
1111111110100111
0000000100111000
0000000001111111
0000000010011111
1111111001011011
0000000100110101
1111111011010111
1111111110001011
0000000000010001
1111111001100111
0000000011011111
0000000111011101
1111111111100000
0000000101111111
0000000101100111
1111111100110001
1111111010011110
0000000100000010
1111111111110101
0000000110111011
0000000010010001
0000000100010000
1111111110100101
1111111100100110
0000000011101010
1111111100010000
0000000000100011
0000000000000011
0000000100000011
1111111101001011
0000000110110000
0000000001011001
1111111110000101
0000000000010110
0000000000111010
1111111001100100
1111111100001011
0000000011101001
1111111111011001
1111111011000110
0000000010011011
0000000001010111
1111111110001000
1111111011001001
0000000000001010
0000000000111000
1111110110100110
0000000010011001
0000001000101010
1111111011100101
1111111000111011
0000001010000010
1111111100110101
0000000111111011
1111111010000001
0000000000110010
1111111100110111
0000000001011001
0000000010100101
0000000000000101
0000000011000001
1111111111100010
0000000101100011
0000001010001111
0000000110111111
0000000010011001
0000000110110110
0000001001010101
0000000011110011
1111111110011101
0000000011101110
1111111110100001
1111111111011001
0000000011111001
1111111111000010
0000000101101111
0000000101001110
0000000110010011
1111111100111111
1111110101001100
0000000101011000
1111111110010001
0000000010001000
1111110101010000
1111111011001100
0000001001000011
1111111100010110
1111111110010111
1111111111010001
1111111100100011
0000000101010100
0000000001110100
0000000010010011
1111111100011011
0000000001101001
0000000011110010
0000000000001101
0000000100110101
1111111110011100
1111111011010001
1111110110111011
1111111100000001
1111111110011001
0000000000011100
0000001001000010
0000000011010001
0000000101000010
0000000100001000
1111110101011101
0000001000001000
1111111011111001
1111111100010010
1111111111101010
0000000001011100
0000000001011110
0000000110101100
1111111111110000
0000000100101000
1111111000100100
1111111101100111
1111111101100000
0000000000011111
0000000101101110
1111111000111110
0000001000000011
0000001000001011
0000000001011100
1111111111010111
0000000100100111
0000000000001011
0000000010110101
0000000110101111
0000000110001000
1111111100111111
0000000001111000
1111111101101100
1111111111000011
1111111011111110
0000000001100111
1111110110010101
0000000000111001
0000000111101110
0000000010111001
1111111101101111
0000000110010010
1111111110001101
0000000011011010
1111111111110111
1111111001011001
1111111101101101
1111111001101110
1111110011000000
0000001000011111
1111111101000100
0000000011110110
1111111001010011
1111111110111110
0000001100111110
1111111111010010
1111111110000011
0000000000111001
1111111110001100
0000000001101101
1111110111110100
0000000001010111
1111111110111010
1111111111110001
1111111101010000
0000000010110100
0000000100010010
0000000111101011
0000000001101001
1111110110110011
0000000011101001
1111111101110000
0000000100001000
1111111111011111
1111111111011111
0000000000011100
0000000001110001
1111111101000001
0000000000000101
0000000000010100
1111111110001111
0000000000110000
1111110110010100
1111111101000110
0000000000000011
0000000000000010
1111111111001001
0000000000000001
0000000010110110
0000000000000100
0000000011111111
1111111100110010
1111111110100000
1111111110000111
1111111011111010
1111111111101110
0000000011101011
0000000000110000
1111111111010111
1111111111000101
0000000000011010
0000000000100001
0000000000000011
1111111110001110
1111111011000011
1111111001011110
1111111100101111
1111111110010010
0000000011100111
1111111111101001
1111111100011111
0000000010001101
0000000010111101
0000000000111101
1111111101101111
1111111110000000
0000000100101001
1111111001011000
0000000001001111
0000000100110010
1111111110111100
1111111111110000
0000000010110011
0000000011001011
1111111101010110
0000000011001001
1111111111101010
1111111101100011
1111111100001100
1111111110100101
1111111101101000
1111111111011000
0000000000100011
0000000001001010
1111111111100000
0000000010000110
1111111111100000
0000000001001001
0000000001011111
1111111011011010
0000000000111111
0000000001110011
1111111111011011
0000000010111000
1111111110010001
1111110111001000
0000000100101101
1111111010100010
0000000000001001
1111111111011100
0000000000110000
1111111100110100
0000000001101110
1111111111000000
1111111100111111
1111111110001010
0000000010000010
0000000000001101
1111111111000000
0000000010100001
1111110111011000
0000000010100000
0000000001101100
1111111110011001
1111111100001000
1111111111101000
0000000010101100
1111111111001100
0000000010111011
0000000010110010
0000000000001000
1111111111111010
1111111011011011
1111111010101111
1111111110010010
1111111111001111
1111111110000100
0000000000001100
1111111011110000
1111111111011101
0000000000010011
0000000010110010
0000000101000110
0000000110110100
0000000100000100
0000000011001100
0000000101001111
0000000001000110
0000000001100000
1111111111000010
0000000010011111
1111111101001101
1111111010001100
1111111110001001
0000000101000001
0000000010010000
1111111010100010
1111111110000100
1111111111100101
0000000001010111
0000000011010101
0000000111011011
0000000010011101
0000000011111010
0000000110100101
0000000010100100
0000000100001110
0000000100001000
0000000011000101
1111111110111000
0000000000001110
0000000010001010
1111111111010000
0000000001010111
1111111101101001
0000000010011111
1111111001101111
0000000000110101
1111111110110001
1111111110110011
1111111110100000
0000000000011001
0000000000000100
0000000001001100
0000000000101111
1111111101101011
0000000001001000
0000000000110000
1111111100010001
0000000011010111
0000000011000101
0000000101001111
0000000001110101
1111111100100010
1111111010010001
1111111110111001
1111111100001101
1111111011010011
0000000010100000
0000000000001010
0000000001000111
1111111011110100
1111111111011011
1111111111101011
1111111101111011
1111111010100001
1111111101110000
1111111101100010
0000000000010001
0000000011110001
0000000001000110
0000000000101001
0000000000100101
0000000010011011
1111111111110111
1111111000101011
1111111100010101
0000000000010001
0000000000010001
0000000000100000
1111111111000111
1111111101001111
0000000011001111
0000000010101111
1111111111010111
0000000001111111
0000000000101100
0000000100110010
0000000010000110
0000000001001000
1111111110010100
0000000010101111
0000000001100100
0000000101000001
0000000010010010
0000000100000000
0000000001001001
0000000001010111
0000000011100110
0000000100001110
1111111111101111
1111111101011100
1111111111011100
1111111010001010
0000000000011110
1111111101110100
0000000011101000
1111111100110001
0000000000110010
0000000011011000
0000000010010100
1111111111101101
1111111111110011
0000000010000100
0000000010100010
1111111000010000
0000000100010100
0000000001011000
1111111110100011
1111111110010000
1111111101111011
0000000001100000
0000000001011001
1111111110000100
0000000001101101
0000000000010110
1111111011000000
0000000001111001
0000000001100011
0000000010101101
0000000011101111
0000000001010110
1111111110110100
0000000000101000
1111111001110000
1111111111100001
1111111111110011
0000000001000000
0000000010111100
0000000001101111
0000000001000100
1111111111110001
1111111011100111
1111111111100111
1111111000110010
1111111100010001
0000000010011100
1111111100010101
0000000000000010
1111111101010100
0000000011101001
0000000010110011
1111111100101011
0000000001100101
0000000011000011
1111111101011101
0000000010100010
0000000001010011
1111111101011111
1111111100000000
1111111101011000
0000000000111000
0000000000010011
0000000011001010
0000000001110001
0000000001101110
0000000000111100
0000000011000111
1111111110111001
0000000001100100
1111111111101100
1111111100111010
0000000000010110
1111111110011101
0000000010010000
1111111110001010
0000000010010101
0000000000100111
1111111110101110
1111111111001100
0000000001101110
0000000000010100
0000000000011110
0000000000001101
1111111111110010
0000000000001011
0000000000001001
1111111111111110
1111111111111110
1111111111110111
0000000000000001
1111111111111111
0000000000001110
0000000000000010
1111111111110011
1111111111101010
0000000000000011
0000000000000001
1111111111111111
1111111111111101
0000000000000101
1111111111111011
0000000000001000
0000000000001101
1111111111110001
0000000000011111
1111111111111111
0000000000011010
0000000000000110
1111111111111100
0000000000001010
1111111111110100
0000000000001001
0000000000001010
0000000000000010
0000000000000010
1111111111110110
0000000000001000
0000000000001100
0000000000010100
0000000000001110
1111111111111110
0000000000000110
0000000000001001
1111111111110111
1111111111111001
1111111111110011
0000000000010000
0000000000000100
0000000000001001
0000000000000000
1111111111110110
1111111111101110
1111111111110001
0000000000001010
0000000000001001
0000000000001110
0000000000010010
0000000000000101
0000000000000100
1111111111111100
0000000000010111
0000000000011010
0000000000001011
0000000000000001
0000000000001110
0000000000000100
0000000000001111
0000000000001101
0000000000000100
1111111111110100
1111111111110111
1111111111101100
0000000000001101
1111111111110010
1111111111110110
1111111111110100
1111111111110001
1111111111100111
1111111111101101
1111111111111111
0000000000000010
1111111111110011
1111111111110100
1111111111101110
1111111111110100
1111111111111001
0000000000000001
0000000000000001
0000000000010010
0000000000010110
0000000000001000
1111111111111001
0000000000000100
1111111111111010
1111111111111101
1111111111100110
0000000000001010
1111111111111001
1111111111110110
1111111111110110
1111111111111111
0000000000001111
1111111111111110
0000000000000101
0000000000000001
1111111111101101
1111111111101111
1111111111111000
0000000000000000
1111111111101101
0000000000000110
1111111111110011
0000000000001110
0000000000011001
0000000000010100
0000000000010100
1111111111111010
0000000000001010
1111111111111001
0000000000000111
0000000000000001
0000000000001100
0000000000000010
0000000000000100
0000000000000111
0000000000000011
0000000000010011
1111111111111110
1111111111111101
0000000000000001
1111111111110100
0000000000001110
1111111111111001
0000000000000100
1111111111110101
1111111111110101
0000000000001000
1111111111101011
0000000000000000
0000000000010011
0000000000010000
1111111111111001
1111111111111000
0000000000010011
0000000000010100
0000000000001110
1111111111011010
0000000000001101
1111111111110010
0000000000100000
0000000000100000
0000000000000101
0000000000001100
0000000000011000
1111111111111000
0000000000001010
1111111111101101
1111111111111110
0000000000000011
0000000000000100
0000000000001100
1111111111110011
1111111111111000
1111111111111101
1111111111111111
1111111111111110
0000000000001100
0000000000001101
1111111111110111
1111111111111010
0000000000011010
1111111111110101
1111111111111010
1111111111111110
0000000000001001
1111111111110001
1111111111101110
1111111111101001
1111111111111111
0000000000000000
1111111111101110
1111111111111100
1111111111100011
0000000000000001
1111111111101111
1111111111111010
1111111111111000
0000000000000101
0000000000001000
1111111111101110
1111111111101101
0000000000001000
0000000000000111
0000000000001000
1111111111111111
0000000000001111
1111111111110101
1111111111101001
1111111111110101
0000000000001110
0000000000000110
0000000000011100
1111111111111111
1111111111111010
0000000000010111
1111111111110000
1111111111111011
0000000000000111
1111111111111010
1111111111111001
0000000000000001
1111111111111011
1111111111110011
0000000000001110
1111111111111101
1111111111100101
1111111111111011
1111111111011101
1111111111111001
1111111111100101
1111111111111101
0000000000001000
1111111111111001
1111111111100111
1111111111101010
0000000000010001
1111111111111000
0000000001101011
0000000000000001
0000000000000011
0000000000000000
1111111111110111
1111111111111111
1111111111110101
1111111111111110
1111111111111001
1111111111111111
1111111111111001
1111111111111111
1111111111110000
1111111111110000
1111111111100111
1111111111101101
0000000000001011
1111111111110101
0000000000001000
0000000000000000
0000000000000001
0000000000000110
1111111111110011
1111111111101101
1111111111110100
0000000000010100
0000000000000110
0000000000001010
0000000000000001
1111111111111110
0000000000000000
0000000000000111
0000000000000011
1111111111110100
1111111111111001
0000000000000111
1111111111111001
0000000000000111
0000000000000111
0000000000000000
0000000000000100
0000000000000000
1111111111110100
0000000000000000
1111111111110010
1111111111111000
1111111111111000
0000000000000100
0000000000000111
1111111111101101
1111111111100111
0000000000000001
0000000000010101
0000000000100010
0000000000011001
0000000000010111
0000000000000011
0000000000010100
1111111111111000
0000000000010011
0000000000000111
1111111110110101
0000000000101011
0000000000101111
1111111111101111
0000000000010011
0000000000101110
0000000001000001
0000000001100101
1111111111010110
0000000000011100
0000000000101100
1111111110111110
1111111111111101
1111111111110100
1111111111110110
1111111111110101
1111111111110110
1111111111110111
1111111111111000
1111111111110100
0000000000000101
0000000000000101
0000000000000110
0000000000000100
0000000000000010
1111111111111101
0000000000000001
1111111111110111
1111111111111110
1111111111111010
0000000000000000
1111111111111111
1111111111111111
1111111111111111
0000000000000101
0000000000000010
0000000000100011
1111111111110111
0000000000001111
0000000000100000
0000000010100011
0000000100011110
0000000001000001
1111111110111101
0000000010010011
0000000100001100
0000000001101011
0000000000001111
0000000000000011
0000000000000000
0000000000000100
0000000000001010
0000000000000011
1111111111111110
0000000000000100
0000000000000000
1111111111111010
1111111111110100
0000000000000010
1111111111111100
1111111110111011
0000000000000011
0000000100011101
0000000000100010
1111111111011001
0000000001000100
0000000000100010
0000000010111101
1111111111011010
1111111111110100
1111111111010100
1111111111011010
1111111111000101
0000000000011010
0000000001100101
0000000000000010
0000000010110001
0000000000010000
0000000010100001
0000000000001100
0000000000100111
0000000011110101
0000000100101000
0000000011000100
1111111111111100
1111111111110110
1111111111110011
1111111111110100
0000000000000110
1111111111111100
1111111111111110
1111111111111000
1111111111111101
0000000000000001
0000000000000001
0000000000000000
1111111110111000
0000000001010110
0000000001010110
0000000000010100
1111111111101111
1111111111111011
1111111110111110
1111111111010001
0000000000101110
1111111111100100
0000000000101101
1111111111101010
1111111111111101
1111111111110110
0000000000000000
1111111111110110
1111111111111001
1111111111111100
0000000000000001
0000000000000110
1111111111110110
1111111111110101
1111111111110101
1111111111111001
0000000000000001
0000000000000011
0000000000000111
0000000000000111
1111111111111101
1111111111111011
1111111111110001
1111111111110011
0000000000001000
1111111111111110
1111111111111110
0000000000000111
0000000000001001
0000000000000100
0000000000000010
0000000000000000
1111111111111000
1111111111111100
1111111111111010
1111111111111100
1111111111110110
0000000000000100
1111111111111111
1111111111111000
1111111111110111
1111111111111101
1111111111111100
1111111111111000
1111111111111010
1111111111111001
1111111111110111
1111111111101111
1111111111111000
1111111111110111
0000000000000001
0000000000000110
1111111111110110
0000000000000110
0000000000000011
0000000000000011
0000000000000001
0000000000000010
0000000000000011
0000000000000001
1111111111111111
1111111111111111
0000000000000101
0000000000001000
0000000000000011
0000000000000010
0000000000000001
0000000000000100
1111111111111101
0000000000000001
0000000000000011
0000000000000010
1111111111111101
1111111111101111
1111111111111110
0000000000000000
1111111111111011
0000000000000010
0000000000000011
0000000000010001
1111111111111010
0000000000000100
1111111111111011
0000000000000001
1111111111111100
1111111111111100
0000000000000000
0000000000000011
