1111111100000101
0000000011101000
1111111010010000
1111111111010001
1111111111100101
1111111100111101
0000000111001110
0000000000010101
1111111111101001
0000000001100110
1111111110111010
0000000110100111
1111111100100100
0000000010000110
1111111110110101
0000000011010000
0000001101101001
0000000111001001
1111111110100110
1111111000100000
0000000010110010
1111110111110111
1111111110111100
1111111100101000
0000000011111101
0000000000100010
1111111111110100
1111010101010111
1111011100111001
1111111011100101
1111110001011010
1111001001100100
1111100100101110
1111101000000110
1111100100100001
1111011001100100
0000000111011110
1111111100000000
0000000101001100
0000000101001011
1111111001011000
1111111000101000
1111111100110000
0000000001011000
1111111110110010
0000000100101001
1111111010111000
1111110110100010
1111111100101010
1111111111010111
1111111110010101
0000000111110001
1111111011010101
1111111110101101
0000000011000000
1111111011100110
1111111110011111
1111111111010101
0000000011011011
1111111110011010
1111111100001010
0000000001100111
0000000011001100
1111111100110011
0000000001111011
0000000000000111
1111111001011001
0000000001101100
1111111011100100
1111111011001110
0000000110100010
1111111011010010
0000000001100010
1111111001101111
0000000000010101
0000000011001110
0000000011010001
0000000000001000
0000000101001000
1111111101101110
0000000100000010
1111111101001010
1111111001011111
1111111110001111
1111111101011101
0000000100011000
0000000001110101
1111111111000001
0000000000011010
0000000011010000
0000000011110001
0000000010001101
1111111110011000
0000001100000100
0000000100111100
0000000010100110
0000000001110000
0000001000010110
1111111101001001
0000000011011111
0000000100101000
1111111000100101
1111111011011010
1111111100001100
1111111111110011
1111111101011111
0000000110010010
0000001001000010
0000000011010001
1111111100110001
1111110111101000
0000000010110111
0000000010110000
1111111101000001
0000000011101101
0000000001101110
0000001001011100
1111111100101100
1111111010000110
1111111010101011
1111111100101000
0000000000110101
0000000100101100
1111111111011010
1111111101011110
0000000100100100
1111110110111101
0000000000111010
1111111110100100
1111111110101010
0000000010011100
1111110111111100
1111111101010000
0000000001101100
0000000001000000
0000000001101111
1111101110011111
0000000010011111
0000000001000101
0000000111000001
0000001001010101
0000000100110001
0000001001001101
1111111010001001
1111111010111000
0000000010010110
1111111010110011
1111111110110110
0000000011100011
0000000011101010
1111111110011110
0000000000010111
0000000100011110
1111111110010001
0000000001110111
1111111001100010
1111111111101001
0000000110001011
0000000010011001
1111111110110101
1111111011010101
1111111011011100
0000000001100110
0000000110010101
1111110111001100
1111111000010101
1111111001101011
0000000110010000
0000000011101010
1111111010010111
1111111100001110
0000000000101101
1111111001100100
1111111101011100
0000000000110110
1111111011111011
0000000101101110
1111111000011100
1111111010001010
0000000010000011
0000000110000100
0000000001000110
1111111101011000
1111111100110110
0000000010110110
1111111010101011
1111111111101100
0000000001101011
1111111001111000
1111111101100110
1111111110111110
1111111110111011
1111111011110010
0000000100101110
0000000000110010
0000000101000000
1111111101111000
1111111101100110
0000000000010011
0000000011000111
1111111101101101
1111111010111010
0000001000110101
1111111111111010
0000000010101000
0000000001001010
1111111101010100
0000000011011000
0000001000000110
0000000101100001
0000000001100101
0000000101000111
0000000010100001
1111111110000000
0000000011101100
0000000011100110
1111111101010111
1111111101001110
0000000000101000
1111111111100111
0000000100101110
0000000101011100
0000000010010011
0000000001101010
0000000000101110
1111111011101010
1111111001100011
1111111110101111
0000000101100000
1111111100010001
1111111101001010
1111111111000100
0000000001100010
1111111111010110
0000000000110110
1111111010001010
0000001000101101
0000000011011110
0000000000010010
1111110101001100
1111111000100111
0000000011010101
1111111110101101
1111111100110111
1111111011100101
0000000010011100
0000000010000001
0000000101100001
0000000101101101
0000000010011001
0000000011011000
0000000001110101
0000001000101001
1111111010000011
1111111101101101
1111111010100100
0000000110010110
1111111111010000
0000000011100001
0000000011001101
1111111101110000
0000000001000101
1111111100100001
0000001000100111
1111111111001000
0000000010001000
1111111110000000
0000000111010000
0000000000011100
1111111011111100
1111111100100000
0000000011100010
1111111100111010
0000000011010010
0000000011101101
0000000101100001
1111111011001101
1111111111111110
0000000011101000
1111111010010001
1111111110011100
0000000011010001
0000001010010001
1111110101000001
0000000101000010
1111111101000000
0000000100111110
1111110101111110
1111111110111101
1111111111001101
1111111011110000
1111111110101100
0000000110000000
1111111100101101
1111110010101100
0000000011010010
0000000100101110
1111111010100111
0000000110111011
1111111100110011
0000000000011000
1111111110101000
0000000111001001
0000000000101110
1111111110001111
1111111100101111
1111110001110011
0000000010001111
1111111111101011
1111111100101110
0000000000001011
0000001101100111
0000001010011000
1111111110001011
0000000011111100
0000000010101100
0000000100111111
0000000011010101
1111111101101011
1111111101110111
0000000010100100
0000000001110011
0000000110110100
0000000000001011
0000000001001010
0000000010110000
1111111110000100
0000000011001110
0000000001111101
0000000000000001
1111111011011110
1111111000100111
1111111011001010
0000000000111011
0000000001011110
0000000011110111
0000000011100001
1111111110100110
0000000010001110
1111111110110100
1111111100000011
1111111011000000
1111111110010010
0000000011010000
1111111111001011
1111111011011111
0000000000111010
1111111011111101
1111111001011000
1111111100101010
0000000000101010
0000000010000101
1111111100100110
0000000100100110
0000000011110001
0000000011101110
0000000010101010
1111111110001011
1111111011011000
1111111001100000
1111111010010001
1111111110110000
1111111100001011
1111111001100110
1111111010110100
1111111100001010
1111111101001010
1111111101000110
0000000001011001
1111111111110001
1111111101100110
1111111101011100
0000000001010101
1111111101000110
1111111011011111
0000000001101101
1111111110110000
1111111101011010
1111111011101010
1111111101010101
0000000010010000
0000000011111111
0000000100001101
1111111011110101
1111111101000010
1111111111101100
0000000001100001
1111111110100011
0000000011010100
0000001000010000
1111111111000001
0000000001001001
0000000000111101
0000000100001000
1111111110111100
1111111111000111
1111110111111110
1111111110011101
0000000001110101
1111111011001110
1111111110011111
1111111011101011
1111110111110011
1111111111001101
0000000011011101
1111111100001111
1111111111111110
1111111111111010
1111111001101010
1111111010011000
1111111100110101
1111110110000000
1111111001100000
1111111101111001
0000000010100011
0000000001010011
1111111101110000
1111111110000100
1111110111010001
0000000010111001
1111111001101010
0000000001001001
0000000101111010
0000000000111111
0000000011101000
1111111011001110
0000000010011100
0000000000111010
0000000001110101
0000000001001100
1111111101110101
0000000101000001
0000001001101110
0000001010100111
0000001100011100
0000000110011010
0000001101010111
0000001001000011
0000000010011110
0000000101001101
0000000001100111
1111111101100110
1111111101101110
1111111001100010
1111111010110011
1111111000111111
1111111010001111
0000000001001110
1111111100000001
0000000001000111
0000001001010011
0000001000001010
0000001000101100
0000000101111110
0000001110010111
0000001001101111
0000000101010011
0000000111011101
0000000101111011
1111111100100111
1111111111111001
0000000001110111
0000000000001010
1111111110111101
0000000011100101
0000000101011101
1111111110011101
0000000000001011
0000000000001011
1111111111111011
1111111101101111
1111111101111000
0000000000001010
1111111110001011
1111111000010001
1111111010110010
0000000011111000
0000000100101011
1111111011010011
1111111011001101
1111111011101010
1111111111001010
1111111000101100
1111111111001111
1111111111101010
0000000110011100
0000000001011100
1111111011101011
1111111000010101
1111111010010010
0000000010110100
1111111101010111
0000000001100010
0000000100001011
1111111110101000
1111111101111101
0000000100011101
1111111011101110
0000000010111010
1111111101111000
0000000010011101
1111111110010101
1111111111110101
1111111111101010
0000000101100111
1111111110011001
0000000100101111
1111111110100111
1111111111010110
1111111110011110
1111111001001110
1111111110111111
1111111111110001
0000000011101000
0000000010110101
0000000100011001
0000000010111111
0000000011100111
0000000010111000
1111111101100011
1111111101001101
1111111011110111
0000001110110110
0000001101010100
0000001010001110
0000001001001011
0000001000110100
0000001001001011
0000000010100110
0000000010110101
0000000101100000
0000000001010010
1111111110101110
0000000000100010
1111111101011111
0000000011100011
0000000010110011
1111111000011000
1111111100101001
0000000000101111
1111111111101010
0000000010100110
1111111001011000
1111111101111101
1111111110100000
0000000000101011
1111111110100100
1111111110000001
0000000010011010
1111111101001010
0000000011010000
1111110101101101
1111111100001100
1111111101101110
0000000101001010
1111111111111100
1111111010111011
1111111111010011
1111111101100110
0000000101101101
0000000000011100
1111111101111001
0000000011100111
0000000001100110
0000000011011101
0000000001010100
1111111111011111
0000000111010010
0000000110000010
0000000101110000
0000000100110000
0000000101010011
0000000011101101
0000000100000100
1111111110111100
0000000101100011
0000000011000100
1111111110101100
1111111001001001
0000000001111010
1111111111010001
1111111111000101
1111111100110111
1111111001110110
0000000011010011
0000000000010010
1111111110110000
0000000010001110
0000000100101011
0000000001000011
0000000001110001
0000000010000010
1111111111001110
1111111001111100
0000000011100011
1111111110101100
1111111110001001
1111111101000111
1111111101111111
1111111111000100
1111111010001100
0000000000101111
1111111010101100
1111111110000011
0000000011101000
0000000100110000
1111111110101111
1111111111011100
0000000000001010
0000000001101100
1111111111011111
1111111101010100
0000000000001001
0000000000000001
1111111111101110
0000000000000100
1111111111111011
0000000000001100
0000000000000100
0000000000000110
1111111111110100
0000000000000100
0000000000000100
1111111111110011
0000000000000100
0000000000001001
0000000000010011
1111111111110001
1111111111101111
0000000000000111
0000000000000001
1111111111111000
1111111111110111
0000000000011111
0000000000000101
0000000000001100
0000000000001001
0000000000000110
1111111111111010
1111111111111101
1111111111110111
1111111111100110
1111111111101111
1111111111110110
1111111111110101
0000000000000011
0000000000010011
0000000000001100
1111111111111111
0000000000001101
0000000000001011
0000000000010100
0000000000001010
0000000000001110
0000000000001000
0000000000001000
0000000000010010
0000000000001100
0000000000001100
1111111111111110
0000000000000000
1111111111111010
1111111111111110
0000000000010111
1111111111111011
0000000000000011
1111111111111010
0000000000000011
0000000000000001
0000000000000000
1111111111111110
0000000000000111
1111111111111000
1111111111111100
1111111111111010
1111111111101100
0000000000000111
1111111111101100
0000000000010010
0000000000001100
1111111111111001
0000000000001110
0000000000010110
1111111111110110
1111111111111111
1111111111110110
0000000000000111
1111111111111100
0000000000001101
0000000000001100
0000000000010000
0000000000010000
0000000000010100
1111111111110101
1111111111110110
0000000000001011
1111111111101010
0000000000000010
0000000000001011
0000000000000110
1111111111111101
0000000000001011
1111111111111011
1111111111111100
1111111111110000
0000000000001000
0000000000010100
0000000000000111
0000000000001111
1111111111111101
0000000000001001
0000000000010010
0000000000010001
0000000000010011
0000000000000001
1111111111111001
1111111111110110
1111111111111101
1111111111110111
1111111111111001
0000000000001011
1111111111110110
0000000000100000
1111111111101010
0000000000000101
0000000000000001
1111111111111110
0000000000000100
0000000000000011
1111111111111000
0000000000001011
0000000000000001
1111111111111110
0000000000000100
0000000000000010
0000000000011100
0000000000000011
0000000000011111
0000000000010010
0000000000010001
1111111111110001
0000000000010001
0000000000010011
0000000000010001
0000000000001111
0000000000001011
1111111111101010
0000000000000101
0000000000001101
1111111111110111
0000000000010011
0000000000000101
1111111111111111
0000000000010111
1111111111111010
1111111111111000
0000000000100100
1111111111111111
1111111111111011
0000000000100110
0000000000001101
0000000000100011
0000000000011110
0000000000011001
0000000000011110
0000000000110000
0000000000001000
1111111111110001
0000000000000110
0000000000000110
1111111111111111
0000000000000111
0000000000000111
1111111111111100
1111111111111111
0000000000000011
0000000000000100
0000000000001010
0000000000001101
1111111111111110
0000000000000010
0000000000010000
0000000000010011
0000000000000011
0000000000001101
0000000000010010
0000000000001010
0000000000001101
1111111111110010
0000000000001101
1111111111111000
1111111111110101
0000000000001011
0000000000000010
1111111111101000
0000000000000011
1111111111111001
1111111111110000
0000000000000001
1111111111111100
0000000000000011
0000000000000001
0000000000010001
0000000000001010
1111111111111011
1111111111111110
0000000000001011
1111111111100001
1111111111111011
0000000000000000
0000000000000000
0000000000001111
0000000000001000
0000000000011101
1111111111101110
0000000000011110
1111111111111110
1111111111111110
1111111111101001
0000000000001010
1111111111111000
1111111111111011
1111111111111010
0000000000000010
1111111111111001
0000000000011101
1111111111111000
0000000000001011
0000000000010010
0000000000001110
0000000000011010
0000000000001100
1111111111111101
0000000000001011
0000000000000001
0000000000000000
1111111111111010
0000000000001001
0000000000010110
0000000000110111
0000000000000101
0000000000001100
0000000000010100
0000000000001101
1111111111111001
0000000000001111
0000000000001111
0000000000010010
1111111111111111
1111111111110110
0000000000000111
0000000000000001
1111111111110000
0000000000000100
1111111111111101
1111111111011111
1111111111111101
1111111111110100
1111111111101101
1111111111111000
1111111111111000
0000000000000100
1111111111111100
1111111111111111
0000000000000111
1111111111111001
0000000000001011
1111111111110010
0000000000001011
1111111111111111
1111111111111101
0000000000000001
0000000000001101
0000000000000100
0000000000001011
0000000000010110
1111111111111010
0000000000000010
1111111111101011
0000000000000011
0000000000001010
1111111111110010
0000000000000101
0000000000010111
0000000000011010
0000000000001000
0000000000000000
0000000000100110
1111111111111110
0000000000001010
0000000000010001
0000000000001111
1111111111100101
1111111111111000
1111111111100000
0000000000000111
0000000000000100
0000000000001010
0000000000000110
0000000000001010
1111111111000011
0000000000001101
0000000000100110
1111111111011011
0000000001011001
1111111111101111
0000000000011000
0000000000100001
1111111111000101
0000000010001000
1111111111110100
1111111110000101
0000000000000101
1111111111111011
1111111111111001
0000000000000110
1111111111111101
1111111111111100
0000000000000100
0000000000000001
1111111111111001
0000000000000111
0000000000000010
1111111111111110
1111111111111100
1111111111111010
0000000000000000
1111111111111110
1111111111111001
1111111111111111
1111111111111101
0000000000000011
1111111111111010
0000000000000100
1111111111111100
1111111111111101
0000000001000100
1111111111110100
0000000000011010
0000000000101000
0000000100001101
0000000101101110
0000000010100000
0000000000101111
0000000011101011
0000000011101111
0000000101010100
0000000000011111
1111111111101001
1111111111101101
1111111111111110
0000000000000101
1111111111101110
1111111111111000
1111111111110010
1111111111111010
0000000000000010
0000000000000011
1111111111111110
1111111111100110
1111111111100010
1111111111100110
0000000001010110
1111111111101100
1111111111011100
1111111111111010
1111111111111101
0000000010010010
1111111111110110
1111111111111001
0000000000010000
1111111111100100
0000000000001101
0000000000001010
1111111111111011
1111111111110101
0000000000101011
0000000000001001
0000000010000111
0000000001011001
0000000000111011
0000000100010001
0000000010101010
0000000100000101
1111111111110100
1111111111110000
0000000000000000
0000000000000000
1111111111110000
1111111111100011
1111111111110110
1111111111110110
1111111111110111
1111111111101010
1111111111101001
1111111111101111
1111111111000000
0000000001000011
0000000000000100
0000000010001101
0000000000100100
1111111111111110
1111111111011110
0000000000000001
0000000000000100
0000000001100010
1111111111100011
1111111110001010
0000000000000010
1111111111111111
1111111111111111
0000000000000000
0000000000001000
0000000000001101
0000000000001010
0000000000010000
1111111111111100
1111111111110111
1111111111110111
1111111111111000
0000000000001101
1111111111111101
0000000000001101
1111111111111010
0000000000000100
0000000000000100
0000000000001101
0000000000000001
0000000000001010
1111111111111011
1111111111111101
1111111111111000
1111111111111110
0000000000000000
0000000000001100
1111111111111000
1111111111110011
1111111111111010
0000000000000100
0000000000000101
1111111111110110
1111111111110111
1111111111111100
0000000000001001
1111111111110111
0000000000000001
1111111111111000
0000000000000011
1111111111111101
1111111111111011
0000000000000110
0000000000001000
1111111111111110
1111111111110011
0000000000000011
1111111111110011
1111111111101111
1111111111110111
1111111111111100
1111111111101110
1111111111110001
1111111111110011
1111111111110011
1111111111111110
0000000000001001
0000000000000001
1111111111111101
0000000000000110
1111111111110010
1111111111110111
1111111111111010
1111111111110011
1111111111110100
1111111111101110
1111111111110000
1111111111110111
1111111111111100
1111111111101000
1111111111101010
1111111111111011
1111111111110110
1111111111111011
0000000000000110
1111111111111100
1111111111110010
1111111111111100
1111111111110111
1111111111110101
1111111111111111
1111111111111010
0000000000000100
1111111111101110
