0000001011010111
0000000011100110
0000000010010111
1111111101110001
0000001010000010
0000000010011110
0000000000011010
0000000001011110
0000000101101010
1111110111000110
0000001001110101
0000000011101000
0000000100011001
0000001010111001
1111111101101011
1111111011100100
0000001100111110
1111111111110110
0000000001111001
1111111011111111
0000000010010011
1111111111010111
1111111101001110
1111111100101111
1111111110111110
1111111100000110
1111111101101010
1111111000111011
0000001001100110
1111110110100011
0000000111010010
1111101010011010
1111110011010010
0000000110101010
0000000000011101
1111111010111110
0000001000000011
0000000010001100
0000000000001110
1111111101000110
1111110101011101
1111111001100010
1111110111011001
1111101110000110
1111111100000110
1111110111000011
1111111011100001
0000000010111010
1111111101111011
0000001000111111
1111111101010000
1111111110111000
0000000010011111
0000000001011100
1111111011110111
1111111111111000
0000000000010000
1111111011010111
1111110111111001
1111110101011011
0000000010010001
1111110111101100
1111110110100100
1111110101111101
1111111001001101
1111111011101100
0000000001011011
1111111110111011
1111111101101000
0000000101111111
1111111111111000
1111111100110001
0000000010000110
0000000001011111
1111111110000101
0000000001111001
0000000011100011
0000000100011000
0000000110000001
0000000100101000
1111111011010110
0000000001110101
1111110111100011
1111111110001111
0000000011010101
0000000000010000
1111111100011000
0000000011011000
0000000000000101
1111111110101110
1111111011001000
0000000010010100
0000000000001111
0000000010000110
0000000101101100
0000000000010001
0000000101000000
0000000000010110
0000000001100110
1111111111001001
0000000101110110
0000000010001111
1111111011010110
1111111101000001
1111111101111000
0000000100011110
0000000000101100
1111111001111110
0000000001011011
1111111111000100
1111111101101001
0000000101001000
0000000011000100
0000000010001100
0000000110011101
0000000010010110
0000001001110000
1111111100010100
1111111110001010
1111110100000100
0000000101010110
0000000011100100
0000000000011100
1111111111001011
0000000000011100
0000000001110111
1111111111001001
0000000011100110
1111111110111001
1111111111001011
1111111111000100
0000001001001110
1111111010110001
1111111100110011
0000000110000100
1111111110111000
1111111101111001
1111111110011111
0000001000000011
0000000110101010
1111111110111011
0000000101011111
0000000010001111
1111111110000010
1111111100100100
1111111111010100
0000000000001001
0000000001101110
0000000000001010
0000000100011011
0000000010000101
1111110111101010
1111111101110100
0000000000011100
0000000011001110
1111111110100110
1111111101000000
0000000111010111
0000000001000001
1111111011010010
0000000001111010
0000001000001110
1111110110111001
0000000000111000
1111111101110110
1111111011110000
1111111010011000
0000000100101101
1111111011011001
1111111101100101
0000000100011001
1111111001011001
1111111111001010
1111111110001101
1111110110010000
1111111111010001
0000000001001100
1111111101010111
1111111111000101
0000001000100000
0000000011010110
0000000111111001
1111111100001001
1111111010010111
0000000001011100
0000000110100110
1111111111010011
0000000001101110
1111111111100111
1111111101001001
1111111111101000
0000000000110000
0000000011010100
1111111100101101
1111111011110110
0000000000101010
1111111111011001
1111111101101100
1111111111001111
1111111001111001
0000000010110000
0000000011100011
1111111100100011
1111110001100010
1111111100101101
0000000010100110
0000000010011011
1111111101111000
0000000001001001
0000000110010100
0000000100010000
0000000110010100
0000000110000011
0000000110010100
0000000101111001
0000000011010000
1111111011100001
0000000001001011
1111111110111111
0000001000001101
0000001010101101
0000000110011101
0000000100110100
0000000000011100
0000000001010111
1111110010100000
0000000000111111
0000000111110111
0000000000000010
0000000100000001
1111111100101011
0000000111101011
1111111111000110
1111110110101111
0000000101110110
0000000000000111
0000000001010100
1111111010110111
1111111010101110
0000000010000101
1111111111100111
0000000011100110
1111111101000101
0000000000111011
1111110011000011
0000000000001000
0000000011100011
1111111001101101
1111111001100010
1111111100100011
0000000000011011
0000000010011111
0000000111110001
0000000000011100
1111111110010010
0000000011010111
1111110111001111
1111111011110001
0000000100011100
1111111010110111
1111111111111101
0000000100011111
0000000001100101
0000000001011010
0000000000110000
0000000011110111
1111111001111100
0000001000001100
1111111110101111
1111111101100100
1111110011001111
1111111101101010
1111111101111010
0000000001110100
1111111111101000
0000000110101011
0000000110000101
1111111110001010
0000000101110100
0000000001011001
1111111010100001
1111111010011011
0000000100011110
0000000000001010
1111111010111101
0000000010010001
1111111111011000
0000000111011111
1111111110011110
1111110111010000
0000000000001110
0000000000010110
0000000000110101
1111111110111101
1111111000101100
1111111001111111
0000000010011100
1111111011101000
0000000000000110
0000000001101111
1111110110011011
0000000010011100
0000000010001010
0000000011011100
0000000100011001
1111111001010000
1111110111010111
1111111011110111
1111111010010001
0000000110000010
0000000001100000
0000000000000111
0000000111111111
1111111010101011
1111111110100100
0000000100001100
1111111101111000
1111111100110001
0000000100100100
1111111110110110
0000000011111110
0000000001010010
0000000001100010
1111111101010011
0000000100110011
1111111101110101
0000000001111100
1111111101100001
1111111101011110
1111111011000111
1111110111000100
0000000001001110
1111111111100010
1111111110000111
0000000010011000
0000000011011010
0000000000100011
0000000101010010
0000000001101101
1111111110111001
1111111100000101
1111111101001110
0000000110010101
1111111111001010
0000000010100101
1111111000111010
1111111110000111
0000000001101001
1111111011010111
1111111110100011
1111111101100010
1111111101010100
0000000001000101
1111111110011000
0000000010110110
0000000001010010
0000000010110101
0000000001100100
1111111100010101
0000000100111110
0000000010100100
1111111110101111
1111111110111010
1111111111100100
0000000001011011
0000000010101111
1111111011111101
1111111011101100
1111111110011011
1111111011100110
1111111010110101
0000000010100100
0000000001010100
0000000001011001
0000000000011010
1111111111110110
1111111010100011
0000000011011011
1111111100110100
1111111100111010
1111111110010001
0000000001110000
0000000010110000
1111111011011100
0000000100111101
0000000010101110
0000000011101101
0000000001010011
0000000001111100
0000000010100100
1111111101010011
0000000001101111
0000000010111110
1111111111110001
1111111111001001
0000000010011101
1111111010110111
1111111101100000
1111111111111001
1111111110000010
1111111101011010
0000000010101110
0000000001101110
1111111100111110
1111111100010001
1111111011101101
0000000010110010
0000000010111100
1111111011111111
0000000001000111
1111111110000110
1111111111000011
1111111110111011
1111111100110010
1111111111111110
1111111110101111
0000000001111000
1111111110111100
1111111110100111
0000000000111110
0000000001001010
1111111110001000
0000000001010011
1111111100101111
0000000011000001
1111111010001100
1111111101110011
1111111110011000
1111111101110110
0000000001000010
1111111011011001
1111111101011011
1111111110001000
0000000101011111
0000000101010001
0000000110000011
0000001000011010
0000000110001100
1111111101010111
0000000011100111
0000000000000100
1111111010000110
0000000011100101
1111111101001011
0000000100011000
1111111110011100
0000000011111100
1111111110111011
0000000011100111
0000000010001101
0000000010101011
0000000010111000
0000000011001100
0000000101101000
0000000011011101
0000000010110011
0000000001011011
0000000011111000
0000000100010000
1111111100011011
1111111111100100
1111111011101010
1111111110110101
0000000001110011
0000000001110001
0000000101001011
1111111111101001
0000000011010000
1111111101011101
1111111111111101
0000000001000110
0000000010000000
1111111101100100
0000000001001111
1111111101111111
1111111001010000
0000000000110100
0000000000010011
0000000000110111
1111111111011010
0000000010010111
1111111111000101
1111111011101100
0000000000100010
0000000010101001
1111111111011001
0000000011001011
1111111010011010
1111111100000110
0000000011010100
1111111101011000
0000000000001010
0000000100001101
1111111010101110
0000000000101010
1111111101001110
1111111111111100
1111111101001101
1111111101110001
0000000010100010
0000000011000101
1111111111100010
1111111001001010
0000000011101001
1111111111010010
1111111110001111
1111111111100110
1111111101111001
0000000010111001
0000000010010000
1111111000010000
0000000011000100
0000000010100001
0000000001010110
0000000010111111
1111111111000010
0000000001101011
0000000011011101
1111111110000101
1111111101100001
0000000100101010
1111111101110011
0000000101100101
0000000101101010
0000000111000100
0000001010100110
0000000101111010
0000000010100011
0000000110000101
0000000100011000
0000000000011110
1111111010010011
1111111110010010
0000000000110011
1111111110011000
1111111110010010
0000000011010100
0000000100100100
0000000010100001
0000000000000110
1111111111111101
1111110110110111
1111111110011100
0000000110011001
1111111010101000
1111111001100100
1111110110110110
0000000100100111
1111111101111100
0000000001010011
1111111101110100
1111111101010100
1111111100001011
1111111110011001
1111111110010010
0000000000011011
1111111100110111
0000000010010000
0000000000000111
0000000110101100
1111111111000111
0000000011010000
0000000001111011
1111111100111001
1111111101101000
1111111010001111
0000000100001100
0000000100110001
0000000110101010
0000000101111001
0000000010101111
0000000010100111
1111110111011000
0000000001101001
1111111001010011
1111110111011100
1111111010101010
0000000001010000
1111110110010111
1111111011010100
0000000000000000
0000000001100001
0000000111001111
0000000011010111
1111111111000100
1111111011001100
1111111111100010
1111111011111101
1111111100110010
0000000000101000
1111111110001010
1111111110111010
0000000011000100
0000000000011110
1111111101010010
1111110111001001
1111111100000011
1111111011010101
1111111101111110
1111111111111010
0000000100011101
0000000011001110
1111111010110111
1111111110110010
1111111111101100
0000000100000001
1111111101100010
0000000000100111
0000000001110110
0000000001011010
0000000000110100
1111111111011001
0000000000000101
1111111111111100
1111111111111111
0000000000010110
0000000000000110
0000000000000001
1111111111110111
1111111111110110
0000000000000010
1111111111100011
0000000000001000
0000000000010011
0000000000011010
0000000000010000
0000000000010111
1111111111110111
1111111111111001
0000000000000011
1111111111110101
1111111111111011
1111111111111010
1111111111111101
1111111111111010
1111111111111010
0000000000000011
0000000000000101
1111111111111101
1111111111111100
0000000000000011
1111111111110110
1111111111111001
1111111111111011
1111111111111000
1111111111111101
1111111111111110
0000000000001011
1111111111111011
1111111111111100
0000000000000110
0000000000000011
0000000000001101
0000000000000010
1111111111111111
1111111111111100
0000000000001011
1111111111101110
0000000000011101
0000000000011100
1111111111111010
1111111111101100
1111111111110110
0000000000001010
1111111111111011
0000000000001111
1111111111110011
1111111111111100
0000000000000111
1111111111111111
0000000000001011
0000000000000000
1111111111101101
1111111111111011
1111111111111110
1111111111110101
0000000000001011
0000000000001101
1111111111111011
1111111111111010
1111111111111000
0000000000000100
0000000000000010
1111111111110111
1111111111111100
1111111111110100
1111111111111001
1111111111101101
1111111111111110
0000000000001110
0000000000000100
0000000000001110
0000000000000100
0000000000010001
0000000000000010
0000000000000111
1111111111110111
0000000000000001
0000000000000001
1111111111110110
1111111111110101
0000000000000110
0000000000000101
0000000000000100
1111111111110010
1111111111111001
0000000000000001
1111111111110000
0000000000000101
1111111111110111
0000000000001001
1111111111111000
0000000000001110
0000000000001100
0000000000001101
0000000000001010
0000000000000001
1111111111111110
0000000000000100
1111111111111101
0000000000001011
1111111111110011
0000000000100110
0000000000000110
1111111111111010
0000000000001100
1111111111111000
0000000000001101
0000000000001111
0000000000000110
0000000000000001
1111111111110100
0000000000000011
1111111111111001
1111111111110110
0000000000000010
1111111111111101
0000000000011000
0000000000000001
1111111111111111
1111111111111110
0000000000010001
1111111111110101
0000000000000101
0000000000001000
1111111111111100
1111111111111110
0000000000000110
1111111111111100
1111111111110110
0000000000000111
1111111111111000
0000000000000001
0000000000000100
1111111111110011
0000000000000111
0000000000100110
0000000000010000
0000000000000000
0000000000001001
1111111111111110
0000000000000011
0000000000110101
1111111111111101
0000000000101001
0000000000111010
1111111111101110
1111111111101110
1111111111110001
1111111111101100
0000000000001100
0000000000000110
0000000000000100
1111111111110001
0000000000000001
0000000000000001
0000000000001011
0000000000001110
0000000000000110
1111111111111001
0000000000011011
0000000000000110
1111111111111000
1111111111111000
0000000000000000
0000000000011000
0000000000001010
1111111111111100
1111111111111100
1111111111100010
1111111111111000
0000000000000100
0000000000001101
0000000000001100
0000000000000001
1111111111111001
1111111111111000
0000000000000010
0000000000000110
1111111111110101
0000000000001000
1111111111111110
0000000000000010
0000000000010001
1111111111101101
0000000000001000
0000000000010010
1111111111111000
1111111111110011
0000000000001011
0000000000010011
0000000000000000
0000000000001000
0000000000001110
1111111111110110
1111111111111010
0000000000000011
1111111111111100
1111111111101011
1111111111111010
0000000000000010
0000000000001110
1111111111111111
0000000000000100
1111111111111100
0000000000010000
0000000000001100
0000000000010100
1111111111111101
1111111111110010
1111111111111000
1111111111111011
0000000000000010
1111111111111111
1111111111101111
0000000000000001
0000000000001110
0000000000001010
1111111111111000
0000000000110101
1111111111111111
0000000000000001
0000000000010101
0000000000000001
0000000000010010
0000000000001100
1111111111111101
1111111111111101
0000000000001011
1111111111110010
0000000000001100
0000000000001100
0000000000010001
0000000000010011
0000000000001100
1111111111111011
1111111111111100
1111111111110100
1111111111101110
1111111111111100
1111111111111111
0000000000001000
0000000000000110
1111111111110111
0000000000001010
1111111111110111
0000000000001001
1111111111111011
0000000000000011
0000000000000011
0000000000000000
0000000000001011
0000000000001010
1111111111110101
1111111111111100
1111111111101111
0000000000000100
0000000000000100
0000000000000011
0000000000010000
0000000000000111
1111111111101001
0000000000101110
1111111111100111
1111111111011011
0000000000001001
1111111111111010
1111111111111111
0000000000000100
0000000000000101
1111111111110111
0000000000001100
1111111111111011
0000000000010011
1111111111111101
1111111111110100
0000000000000000
0000000000010011
0000000000001000
1111111111110000
0000000000000000
0000000000000000
0000000000000000
0000000000000000
0000000000000000
0000000000000000
0000000000000000
0000000000000000
0000000000000000
0000000000000000
0000000000000000
0000000000000000
0000000000000000
0000000000000000
0000000000000000
0000000000000000
0000000000000000
0000000000000000
0000000000000000
0000000000000000
0000000000000000
0000000000000000
0000000000000000
0000000000000000
0000000000000000
0000000000000000
0000000000000000
0000000000000000
0000000000000000
0000000000000000
0000000000000000
0000000000000000
0000000000000000
0000000000000000
0000000000000000
0000000000000000
0000000000000000
0000000000000000
0000000000000000
0000000000000000
0000000000000000
0000000000000000
0000000000000000
0000000000000000
0000000000000000
0000000000000000
0000000000000000
0000000000000000
0000000000000000
0000000000000000
0000000000000000
0000000000000000
0000000000000000
0000000000000000
0000000000000000
0000000000000000
0000000000000000
0000000000000000
0000000000000000
0000000000000000
0000000000000000
0000000000000000
0000000000000000
0000000000000000
0000000000000000
0000000000000000
0000000000000000
0000000000000000
0000000000000000
0000000000000000
0000000000000000
0000000000000000
0000000000000000
0000000000000000
0000000000000000
0000000000000000
0000000000000000
0000000000000000
0000000000000000
0000000000000000
0000000000000000
0000000000000000
0000000000000000
0000000000000000
0000000000000000
0000000000000000
0000000000000000
0000000000000000
0000000000000000
0000000000000000
0000000000000000
0000000000000000
0000000000000000
0000000000000000
0000000000000000
0000000000000000
0000000000000000
0000000000000000
0000000000000000
0000000000000000
0000000000000000
0000000000000000
0000000000000000
0000000000000000
0000000000000000
0000000000000000
0000000000000000
0000000000000000
0000000000000000
0000000000000000
0000000000000000
0000000000000000
0000000000000000
0000000000000000
0000000000000000
0000000000000000
0000000000000000
0000000000000000
0000000000000000
0000000000000000
0000000000000000
0000000000000000
0000000000000000
0000000000000000
0000000000000000
0000000000000000
0000000000000000
0000000000000000
0000000000000000
0000000000000000
0000000000000000
0000000000000000
0000000000000000
0000000000000000
0000000000000000
0000000000000000
0000000000000000
0000000000000000
0000000000000000
0000000000000000
0000000000000000
0000000000000000
0000000000000000
0000000000000000
0000000000000000
0000000000000000
0000000000000000
0000000000000000
0000000000000000
0000000000000000
0000000000000000
0000000000000000
0000000000000000
0000000000000000
0000000000000000
0000000000000000
0000000000000000
0000000000000000
0000000000000000
0000000000000000
0000000000000000
0000000000000000
0000000000000000
0000000000000000
0000000000000000
0000000000000000
0000000000000000
0000000000000000
0000000000000000
0000000000000000
0000000000000000
0000000000000000
0000000000000000
0000000000000000
0000000000000000
0000000000000000
0000000000000000
0000000000000000
0000000000000000
0000000000000000
0000000000000000
0000000000000000
0000000000000000
0000000000000000
0000000000000000
0000000000000000
0000000000000000
0000000000000000
0000000000000000
0000000000000000
0000000000000000
0000000000000000
