1111111010001000
0000000011001011
1111110111100101
1111111000110011
0000000011010010
1111111101000100
0000000010011001
1111111010000100
0000000100011011
1111110100101001
1111111101100010
1111110110000010
0000001100110010
1111110111101000
0000000010001010
0000000000111011
1111110111110000
1111111011101111
1111111101010001
1111111111110101
1111111010001100
1111111110100100
0000000110101101
1111111101111100
0000000001111101
1111111100010111
0000000011010010
1111011110101100
1111010111010000
0000000010100111
1111100101100000
1111101111001011
1111110100101000
0000000010101101
1111111010011101
1111110101010001
1111110111001001
1111111101001101
1111111110001010
1111111011100100
0000000001000001
1111111111110000
1111111001111000
0000001011100111
1111110000011010
1111111010001101
0000000111000000
1111111011000111
1111110101000100
0000000011101001
1111111100011000
0000001000110100
1111111101011110
1111111110011110
0000000111100111
1111111010011101
0000000110111000
0000000010000100
0000000001001110
1111111110010000
1111111100110001
1111111111101000
1111110000000011
0000001000011011
0000000111111101
0000000010001101
1111111111011001
1111111101111110
0000000110000100
1111111100100101
1111111011100001
0000000000101000
0000000110101101
1111111110000101
0000001000111111
0000001000111100
0000000001110011
0000000010100100
1111111100000001
0000000000010110
0000000010001100
0000000001111101
0000000010001011
0000000011000010
1111111111111011
1111111000101101
0000000001111010
0000000001111011
1111111001000010
0000000110110010
0000001011011000
0000000100001001
0000001000111011
0000000001001011
0000000110000111
0000000110010101
1111111101001001
0000000011101011
0000000100000100
1111110110011110
0000000001010001
0000000101101100
1111111101011110
1111110111010011
0000000001000001
1111111011001111
1111111111000100
0000000101001011
1111111111010001
0000000010100001
0000000100110011
0000001000010010
0000000100010010
1111111110100111
0000000000100000
1111111111001111
0000000111111011
1111111111011011
1111111011110111
1111111101010110
0000000010110001
1111111101010011
1111111010101100
0000000100011101
1111111001001111
0000000010101000
0000001010111101
1111111000111010
1111111101101110
0000001010101011
0000000010101111
1111111101101101
1111111011111101
1111111111101010
0000000001010010
0000001001011000
0000000001101011
0000000100111111
0000000111111000
0000000000111110
1111111101111110
0000000001001101
1111111110010000
0000000001101010
1111111011000110
1111111111100001
0000000001111010
0000000101000110
1111111110110110
0000000100010101
1111111001000000
1111111110011000
1111111010001000
1111111100010111
0000000001101110
1111111111010101
0000000000001111
1111111101101101
1111111110010001
0000000011101000
1111111110110101
1111111111111011
1111111100010111
1111111100111101
0000000010010111
1111111110001000
0000001001100001
1111111110111000
0000000011101111
1111111101000010
1111111101001000
1111111100010100
1111111011010011
1111111010111111
1111111111011001
0000000110101011
1111111010110110
0000000011000100
0000000000100111
1111111011111110
1111111110111101
0000000010000001
0000000110001000
0000000000000100
0000000001101110
0000000001101110
0000000000110111
0000000010100100
1111110111010110
1111111010111100
0000000000111111
1111111111110000
0000000010001100
1111111101100011
1111101110100000
0000000000100010
1111110011001000
0000001000100010
1111111011010001
1111111010010111
1111111101100110
0000001001100110
0000000011000101
1111111111110010
0000000100100001
1111111110011100
1111111110000010
0000001010000110
0000000101000010
0000001000010100
0000001010101000
0000000110100100
0000001000000000
0000000110100010
0000000110011100
0000000111111000
0000000010110101
1111111110000110
0000000101011101
0000000100010100
0000000010101011
0000000101110011
0000000010110110
1111111101110010
0000000110001111
0000000011010011
1111111111011000
1111111100000111
1111110111111011
1111111110111111
1111111111000110
0000000100001101
0000000101011100
1111111110001101
0000000011010111
1111111110011101
0000000010010111
1111111011101100
1111111010000011
0000000001010100
1111111100110001
0000000111111011
1111111001111010
0000000000111100
1111111110101100
1111111101100000
1111111000111001
0000000010010011
0000000101111111
1111111110101101
1111111001111100
1111111111001110
1111111111110000
1111111001110010
0000000101100101
1111111000110100
1111111101101000
0000001000011100
1111111100101111
0000000001000001
0000000000101100
1111110111000000
0000000001111010
1111111110111111
0000000001011011
0000000010011111
1111111110110101
0000000000011000
0000000001101011
0000000001100101
0000000101000100
0000000101011000
0000000010111100
0000000010000101
1111111100000100
0000000101110101
1111111101000111
1111111110110011
1111111111111100
1111111111011101
0000000011100101
0000000010111011
1111110101101100
1111111100010110
0000001000010001
0000000111110100
1111111111101000
1111111100001010
0000000011110000
1111111100110110
1111110111101100
0000000011110001
1111111010110100
1111111001001110
0000000111110100
1111110100000111
1111111000110000
1111111100000011
0000000000011011
1111111011010110
0000000001011010
1111111011000101
1111111010001101
1111111101100011
1111111110010001
1111111110001111
0000000001110100
1111111111100111
1111111001001111
1111111111010010
0000000011111011
0000000001110110
0000000100000110
1111110111111100
1111111000011111
0000000000000010
0000000100100010
0000000000101110
0000000000111111
0000000010011001
0000000010000001
1111111110101110
0000000011011111
0000000100010101
1111111010100100
0000000000110100
0000000010100111
1111111111001000
0000000011111100
1111111000000011
0000000010011001
1111111010011101
0000000011111001
0000000000000100
1111111111101111
0000000001110110
1111111011111111
1111111100110010
1111111101000101
1111111101010110
0000000000011101
0000000000011110
0000000010010000
1111110111100100
0000001000100011
1111110101010111
1111111110010100
0000000111110001
1111111010010001
1111111100100000
1111111110010000
0000000001111000
0000000011011000
0000000100010110
1111111010001001
1111111101101101
0000000001011000
1111111011000110
0000000100001110
1111111111011001
1111110100010001
1111111011011011
1111111010100111
1111111111001111
0000000000111100
1111111100001010
1111111100001110
1111111110000101
0000000010001100
0000000110000000
0000000100101010
1111111011111001
1111111100011100
1111111111010101
0000000011000001
0000000001100000
1111111101110001
1111111110111100
0000000001110001
0000000000011000
1111111000111111
0000000000111000
1111111100001001
1111111011101101
0000000111010110
1111111111110101
0000000000110001
0000000101100001
0000000100101011
0000000101011001
1111111101001011
0000000000001010
1111111101010010
0000000001010100
1111111100000110
1111111100111101
0000000000001101
1111111101110110
1111111111001110
1111111110110001
1111111111010111
0000000000010011
0000000001101000
0000000010001010
0000000001101100
1111111111000100
0000000000101000
0000000000110010
0000000010011001
1111110111101100
0000000001001011
0000000000100111
1111111101000111
1111110111010001
0000000001011010
1111111010111100
0000000110010101
0000000000001000
1111111011000101
1111111110110110
0000000010000000
1111111011011100
1111111111010010
1111111010000000
0000000000010101
0000000110110011
0000000010100001
1111111110001111
0000000100110011
0000000001011011
0000000010101001
1111111111110011
0000001000010101
0000001100000101
0000000101110001
0000000000001101
0000000001100010
0000000011100101
1111111110100011
0000000101100010
0000000001000000
0000001000000010
1111111011110010
1111111110010101
1111111101001110
0000000001000101
0000000000010111
1111111011011001
1111111110000001
0000000000001101
0000000110011000
0000000110011010
0000000100010010
0000000011110110
0000001010110010
0000000011110111
0000000100011100
0000000010111001
0000000001011010
1111111100111000
0000000010010101
1111111010101110
0000000011010111
0000000101100110
1111111110100001
1111111101111000
1111111001101000
1111110111010010
0000000000001100
0000000000000101
0000000011110111
1111111100100101
0000000101010100
0000000000000001
1111111101111010
0000000001100110
0000000000101011
1111111111111010
0000000001010011
1111111111010111
1111111110100001
1111111100111000
1111111111111111
0000000011100001
0000000000100110
0000000011000001
1111111011010110
0000000100010110
1111111100111111
1111111111100110
1111111111101110
0000000011010000
1111111111001011
1111111010011001
0000000100010000
0000000101100110
1111111110101011
0000000000000100
0000000101001001
0000000001100000
1111111111001010
0000000010001111
0000000010100001
1111111111011110
1111111111001011
1111111100101000
1111111011100111
1111111111000011
0000000000001100
0000000100111100
1111111110000000
0000000001011101
0000000000000111
1111111111001110
0000000101101101
0000001010111101
1111111111101100
0000000010010001
1111111011011010
0000000000111100
1111111100010100
1111111100010010
0000001110110110
0000010010110011
0000000111110101
0000000011001000
0000000001100110
0000000101000101
1111111110011010
1111111010010101
0000000011011010
0000000011011010
1111111110101010
0000000000100100
0000000001010000
1111111101100110
0000000010000000
1111111011000010
0000000001110011
0000000010001001
1111111110101101
1111111101100010
1111111110011100
1111111011000100
0000000001110111
0000000000000010
0000000000111100
1111111110011001
0000000010011010
1111111100101101
1111111010101101
1111111110100011
0000000100010110
0000000000010111
1111111111011111
0000000010011011
0000000001100110
0000000000010100
0000000000101001
1111111111110010
1111111110101111
1111111101011001
0000000000001000
0000000100011011
1111111110111111
0000000010000001
0000000010111100
0000001001100000
0000000110010101
0000000110000101
0000001000000001
1111111101001100
0000000101010111
1111111110101101
1111111011010001
0000000000110111
0000000000100011
0000000101100000
1111111011110110
1111110110101011
0000000010100001
1111111101010100
0000000001011001
0000000010110111
1111111111001000
1111111101101001
1111111110111010
0000000001101001
0000000001010100
1111111011101000
0000000011010101
0000000011110111
0000000000001011
1111111110111010
0000000101000100
1111111110110110
1111111100111111
0000000010011000
1111111001001100
1111111110100100
1111111110111100
1111111101100001
1111111111011011
0000000001000010
0000000010110110
0000001000000110
0000000000100111
0000000010101100
1111111111011000
1111110111100111
0000000010101111
1111111100011111
0000000000010111
0000000000000011
0000000000000000
0000000000011100
0000000000001000
0000000000001010
0000000000000100
0000000000001000
0000000000001001
0000000000001010
1111111111111100
1111111111110101
1111111111110101
0000000000010110
0000000000010110
0000000000001011
1111111111110111
1111111111110111
0000000000000001
1111111111101100
1111111111110111
1111111111110101
0000000000010010
0000000000010111
0000000000001101
1111111111110000
1111111111111000
1111111111101010
1111111111101101
1111111111100010
0000000000001011
1111111111110011
1111111111110100
0000000000000101
0000000000011100
1111111111111100
0000000000000000
1111111111111101
0000000000001111
0000000000001011
1111111111111100
1111111111111111
0000000000011001
0000000000001101
0000000000001101
1111111111111110
0000000000000100
1111111111110110
1111111111110100
1111111111111010
0000000000000000
0000000000100011
0000000000000111
0000000000011110
1111111111111000
0000000000000000
0000000000000010
1111111111111010
1111111111110101
1111111111111101
1111111111110011
0000000000000011
1111111111110001
1111111111110111
0000000000001100
1111111111110110
1111111111111011
1111111111111101
1111111111111101
1111111111111111
0000000000000001
1111111111111000
0000000000001101
1111111111111010
0000000000001000
0000000000011000
0000000000001111
0000000000100000
1111111111110110
0000000000010110
0000000000011010
1111111111110001
0000000000001001
0000000000010111
1111111111111101
1111111111110011
0000000000000001
0000000000000100
1111111111110101
1111111111110001
0000000000010101
0000000000000010
1111111111111101
0000000000010011
0000000000000111
0000000000001101
0000000000010110
0000000000010000
0000000000001000
0000000000001001
0000000000010100
0000000000000111
1111111111110001
0000000000000011
0000000000000011
1111111111110100
1111111111101101
1111111111100001
0000000000001000
0000000000001110
0000000000000100
0000000000000001
0000000000000110
0000000000010101
0000000000001010
0000000000100001
0000000000000100
0000000000001010
0000000000001000
0000000000001111
0000000000000011
0000000000001100
0000000000000100
0000000000000100
0000000000000101
0000000000000111
0000000000010111
0000000000000001
1111111111111011
0000000000001000
0000000000000111
1111111111111100
0000000000000101
0000000000000001
1111111111111100
0000000000000100
0000000000001010
1111111111101110
0000000000000101
0000000000000110
1111111111110001
0000000000010001
1111111111110011
1111111111111001
0000000000011010
1111111111110001
0000000000000111
0000000000001011
1111111111111001
0000000000101110
0000000000101111
0000000000001011
0000000000011001
0000000000001111
1111111111111111
0000000000010000
0000000000000111
0000000000001111
0000000000000001
0000000000001010
1111111111101010
0000000000001000
1111111111111011
1111111111111110
1111111111110010
0000000000000110
0000000000000010
1111111111111100
0000000000000001
0000000000000100
0000000000000000
0000000000001101
0000000000000110
0000000000000110
0000000000010101
0000000000000101
1111111111110011
0000000000001011
1111111111110101
1111111111001110
1111111111110100
0000000000000110
0000000000000010
0000000000001100
0000000000000110
1111111111010110
0000000000000001
0000000000000000
1111111111111000
0000000000010111
1111111111111111
0000000000010000
0000000000000111
0000000000000110
0000000000001001
1111111111011011
0000000000000001
1111111111110001
0000000000010000
0000000000011101
0000000000010100
0000000000000011
1111111111111101
0000000000000111
0000000000100000
1111111111110010
0000000000000101
1111111111111101
0000000000010011
0000000000000100
0000000000001111
0000000000000011
0000000000010000
0000000000001010
0000000000000001
0000000000001111
1111111111101110
0000000000001000
1111111111111110
0000000000100011
1111111111111111
0000000000001100
1111111111111011
0000000000000101
1111111111111100
0000000000010101
0000000000100100
0000000000100010
0000000000010011
0000000000001010
0000000000000101
1111111111111111
0000000000011001
0000000000001100
0000000000010100
1111111111110111
1111111111111001
1111111111111011
0000000000010000
0000000000011000
1111111111110010
1111111111111100
0000000000000011
1111111111100100
1111111111110011
0000000000000110
1111111111111100
0000000000001101
0000000000000100
0000000000010000
1111111111111101
0000000000000000
0000000000010101
0000000000001001
0000000000000110
0000000000000110
0000000000000001
0000000000000101
1111111111110100
0000000000001001
0000000000001001
0000000000010001
0000000000001011
0000000000011001
1111111111111101
0000000000001001
1111111111110100
1111111111011110
1111111111110010
1111111111110101
1111111111110110
0000000000001101
1111111111111001
1111111111111010
1111111111111111
1111111111111010
1111111111110001
1111111111110011
0000000000001111
1111111111111000
1111111111011001
1111111111110000
1111111111110000
1111111111110100
1111111111110000
0000000000001000
0000000000001001
0000000000100000
0000000000010010
0000000000001000
0000000010000100
1111111111100010
1111111111100111
0000000101001011
0000000101000111
0000000010101000
0000000000001011
0000000000010010
1111111111100100
1111111111110111
0000000000000001
1111111111111111
0000000000000011
0000000000000101
1111111111111111
1111111111111110
1111111111110111
0000000000000110
1111111111111111
0000000000000100
0000000000000100
0000000000001111
0000000000001011
0000000000001000
0000000000000010
0000000000000111
1111111111111010
1111111111111010
0000000000000000
0000000000000000
1111111111111100
1111111111111000
0000000000000111
1111111111111110
1111111111100000
1111111111110010
0000000000001001
1111111111100100
0000000000100011
1111111111110000
1111111111101111
0000000000110011
1111111111101011
1111111111101111
1111111111100111
0000000010010110
1111111111111010
1111111111111110
0000000000000100
0000000000001101
1111111111111111
1111111111111101
1111111111110011
0000000000001001
1111111111110101
0000000000000000
0000000000001001
0000000000000001
0000000010100100
0000000110000010
0000000011101110
0000000100101100
0000000000010101
0000000001101011
0000000010011111
0000000000001100
1111111111101100
1111111111111011
1111111111011111
1111111111100011
0000000000000001
1111111111111101
0000000000000100
0000000000001100
1111111111110110
1111111111110101
1111111111110010
1111111111111111
0000000000000110
0000000000000001
0000000000001101
0000000000001000
0000000000000011
1111111111110111
0000000000000110
0000000000001010
1111111111111111
0000000000000000
0000000000000000
0000000000000001
0000000000001011
0000000000001011
0000000000001111
0000000000001001
0000000000000011
0000000000000000
0000000000000000
0000000000000101
1111111111111111
1111111111111111
0000000000000000
0000000000000000
0000000000000100
1111111111111111
1111111111111110
0000000000000111
1111111110001111
1111111111100010
1111111111000011
0000000001010100
0000000000000000
0000000010101010
0000000010111000
0000000011000010
0000000000010010
0000000100100011
0000000001110100
0000000100111000
0000000000010100
1111111111111100
1111111111111000
0000000000000100
1111111111111110
1111111111111101
1111111111110111
1111111111110110
1111111111110001
1111111111101001
1111111111110001
1111111111101001
0000000101010001
0000000101011001
0000000101010011
0000000011110101
1111111111111100
0000000000101100
1111111111101100
1111111111100000
0000000001010111
1111111110010110
1111111111100100
0000000001011000
1111111111111111
1111111111111011
0000000000001000
0000000000001010
1111111111111111
0000000000000001
1111111111111111
0000000000000100
1111111111111011
1111111111110110
1111111111111000
0000000000000011
1111111111110010
1111111111111010
0000000000000000
0000000000001011
0000000000000100
0000000000000011
1111111111111101
0000000000000111
0000000000000111
0000000000000110
0000000000001100
0000000000001101
0000000000000011
0000000000001001
0000000000000000
0000000000000011
1111111111111110
0000000000000100
0000000000000111
0000000000000110
1111111111111100
0000000000000000
0000000000000011
0000000000001100
1111111111111110
1111111111111101
0000000000001000
0000000000000111
1111111111111111
0000000000000110
0000000000000010
0000000000001001
1111111111110011
1111111111111001
0000000000000111
0000000000001001
