0000000100010111
0000000000001001
0000000001101000
1111111111110100
0000000110010110
0000000001111011
0000000110010100
0000000000001011
0000000100100001
1111111011110011
1111001110010011
1111011110101101
1111110101111001
0000000001110111
1111111100010110
0000000001010110
1111011100110001
1111011001110010
1111111101010101
0000000001101001
1111111000001100
0000000000010101
0000000010000100
1111111111000101
0000000001011001
1111111100111110
0000000010101011
1111101010100110
1111011111000101
1111101001001001
1111110100000110
1111100011111101
1111110100011101
0000000001000110
1111111100010100
1111111000011000
1111111100111110
1111110110011001
1111110111000010
1111111110111001
0000000011110100
0000000000111100
1111111100000001
0000000110101101
1111110101010001
1111111100000111
1111111000111100
1111111010111010
1111111110110100
0000000101101101
1111111111111101
0000000111010000
0000000100101000
0000000011110101
0000000111000001
1111111100110111
1111111001001111
1111111011001110
1111111101001101
0000000001001100
0000000001001100
0000000110000011
0000000011110001
0000000010010100
1111111100010110
1111111011001110
0000000110111100
1111111110001111
0000000110010011
1111111010000011
1111111111110100
1111111101111001
0000000100110101
1111111101010000
0000000111110101
1111111110100101
0000000000011110
0000000010001011
0000001000001111
1111111101110000
0000000101011101
1111111101001000
1111111110010100
0000000001101011
1111111101001000
1111111110111101
0000000100011011
0000000010111011
0000000010101000
1111111101101101
1111111101100110
0000000100001001
0000000100101101
0000001010110111
0000000001110110
0000000010110000
0000000011011110
0000000001111011
0000001000000010
1111111101000111
1111111011100000
1111111110101110
0000000100000001
0000000000001101
1111111110011001
1111111100101011
0000000100010111
1111111111001000
0000000011110101
1111111011000101
0000000011111100
0000000001010101
1111111101100001
0000000010010110
0000000010011111
0000000111000100
0000000000111100
1111111010101000
1111111100100000
0000000000110011
0000001001101101
1111110101011111
0000000110011000
0000000011100100
1111111000110000
1111111011000000
0000000010111100
0000000000110000
1111111101001011
0000000101011000
1111111100010010
1111111100010010
0000001010000100
0000000000111100
0000001001001010
1111111010000011
0000000010001111
0000000011011011
0000000100000100
0000000001011111
0000010000100110
1111111101100010
0000000011010010
0000001001001110
1111111110000011
1111111100101010
0000000100010010
1111111111101000
0000000001111000
1111111111001100
1111111001010110
0000000100000111
1111111100111010
1111111001101010
0000000010011011
1111111010011110
1111111011111001
0000000000101100
1111110100100101
1111111011101111
0000000001001110
1111111111101010
1111110110110010
1111111011101010
0000000100010001
1111111110011001
1111111111110011
1111110110001111
1111110111111111
0000000010110000
0000001010100000
1111111111100010
0000000100010000
0000000100011100
1111111111110001
1111111011111110
1111110111010001
1111111101110101
0000000000011111
0000000111100100
0000000001100001
1111111111110110
1111110101110001
0000000101011101
0000000011011100
1111111110010011
1111111110010111
1111110011010000
1111111110010000
1111111100000011
0000000010101100
0000001000001111
1111111000011000
1111111001011101
0000000001111001
1111111011000101
1111111111000110
0000000101001011
1111111001110111
1111111011111011
0000000101100011
1111111110111001
1111111111100101
1111111001101011
1111111011000101
0000000111000011
0000001010111000
0000000111010011
0000000001001010
1111111110100010
0000000111011011
1111111111101001
0000000011001100
0000000110001010
0000000101100001
0000000010100111
0000000001100011
1111111100010101
1111111011001111
0000000001101101
0000000010011110
0000000110010110
0000000110111001
0000000101001000
0000000001101001
0000000000010001
1111111011010110
1111111110001101
0000000100000100
1111111101111011
1111111110010010
1111111001100111
0000001000111010
0000000100110011
0000000001000111
1111111110001001
0000000011100011
1111111111111010
0000000101111101
1111111101000101
1111111001011001
1111111101110011
1111111110010011
0000000111100100
1111111101110111
1111111100001111
0000000001111111
1111111101101100
1111111111001010
1111111101011111
0000000100001011
0000000011011001
1111111111001001
0000000011011011
1111111010011001
0000001000111011
1111110111101000
1111111111001000
1111110111011010
0000000011010110
1111111100100110
1111111111001011
1111111111010111
1111111010110011
1111111111010100
0000000011111000
0000000010100001
0000000010111110
0000000011101010
0000000001010001
0000000010101110
0000000000001111
1111111100010001
0000000101101100
0000000101111011
1111111110111001
0000000110000100
1111111110111010
0000000100010000
0000000000001000
0000000101001010
1111111111101011
0000000111100110
1111111101100011
1111111101100011
1111111001110110
0000000001110101
0000000010001110
1111111101101000
0000001000000011
0000000001110111
1111111000111110
1111111111001111
0000000110110010
0000000000100111
0000000000010101
0000000001110011
1111110101101011
1111111101000011
1111111110011011
1111111110111011
1111111101001010
1111111100011111
0000000111010010
0000000101001110
0000000001110000
1111111100100111
0000000001101000
0000000110010110
1111111110110001
1111111111010010
0000000111010001
1111111010110110
1111111011101000
1111111011100100
0000000100110010
0000000010011110
0000000101101100
0000000010110101
0000000010000100
0000000001100000
1111111101010001
1111111100101101
0000000001000111
0000000000011100
0000000010000100
1111111110011010
1111111110101000
0000000011100101
1111111100101111
0000000100000001
0000000010000010
1111111111000010
0000000001100101
0000000101000111
0000000100000101
0000000000100100
1111111011000011
1111111001111101
1111111000111111
1111111111111010
1111111101111110
0000000001101011
1111111100100110
0000000101001100
1111111111010110
1111111011100110
0000000000100111
1111111100101100
0000000010101111
0000000001010000
0000000010111001
0000000001101101
1111111110100110
0000000000010001
1111111100111100
1111111001000011
0000000100110001
1111111111000011
0000000100000010
1111111101001110
0000000000000111
1111111010111000
1111111100110101
0000000010001100
1111111010000000
0000000111001001
0000000000000000
1111110111001111
0000000000100000
0000000111000010
0000000011010110
0000000001010011
0000000000001011
1111111001101100
1111111111111011
1111111111000111
1111111001101101
1111111011101010
0000000001111110
0000000001001001
1111111110000100
0000000000101100
0000000110101011
0000000111011000
1111111100110001
0000000000111011
1111111100101010
1111111011001100
0000000011010001
1111111111101000
1111111111111011
1111111111100000
0000000000111111
1111111101100001
0000000000011000
1111111111011001
1111111111100100
1111111101101111
1111111011111001
1111111010011011
1111111111011101
0000000011101001
1111111110000011
1111111111110110
1111111100001001
0000000010001010
0000000101101010
1111111111010100
1111111110011000
0000000010010110
0000000000101000
1111111101000111
0000000000110100
1111111101110101
0000001000000011
1111111100101110
1111111001011000
1111111110010001
0000000010000001
1111111110100101
0000000000110010
1111111101011011
1111111000011111
0000000011010110
1111111101110111
1111111111100110
0000000010010011
0000000000111101
0000000100001000
0000000011100111
0000000000110000
0000000110011110
0000000111000001
0000000110100011
1111111111010011
0000000101101001
0000000100000100
0000000010110111
0000000111001101
0000000100010011
1111111111110100
1111111001100011
1111111000000001
0000000001000100
1111111011110111
1111111110110011
1111111101001101
0000001000010100
0000001000110001
0000000001001001
0000000110001100
0000000101100101
1111111011110101
1111111110011001
0000001010001100
0000000101111001
0000000101010001
0000000101110100
0000000010101001
1111111111110110
0000000000001000
1111111110100110
0000000101101100
0000000001100111
1111111010101111
1111111111100000
0000000010000110
0000000011010111
0000000010011100
0000000000011010
1111111001101010
1111111110000000
1111111101011010
0000000110000000
0000000111110110
1111111010001000
1111111111100010
1111111001011101
0000000000101110
1111111110000111
1111111100010001
1111111011110110
1111111111011000
1111110111111101
0000000001100001
0000000011110110
0000000000111110
0000000010001110
0000000101011111
1111111100000101
1111111110110010
0000000001111100
1111111011110001
0000000001011110
1111111111101101
0000000011011001
0000000100001010
1111111101001011
0000001000011110
1111111010111111
0000000000011101
0000000100011110
1111111110010110
1111111111001100
1111111100011001
0000000011001000
1111111101001010
1111111100101101
0000000001001101
1111111011000100
1111111010011000
0000000100110101
1111111111100001
1111111111101110
0000000011111011
0000000011101000
1111111011010011
1111111110101011
1111111100101000
1111111110010100
1111111110111100
0000000111111000
0000001100111011
0000001110100111
0000000001010011
0000000011001111
0000000110011100
0000000110010110
0000000111011011
0000000011011110
1111111111011010
0000000000101110
1111111011010100
0000000001000010
0000000010010100
0000000100100011
1111111101000001
0000000011000000
1111111101101101
1111111010001100
0000000000111100
1111111001011000
1111111110001001
1111111101010000
0000000000010011
1111111110110000
0000000001011000
0000000001000000
1111111110011111
1111111100011110
1111111111110110
0000000100010011
1111111110101000
1111111111100111
1111111101000011
0000000000110010
1111111010111111
1111111011001100
0000000010011111
1111111101110001
0000000001110110
1111111111111100
1111111001110111
0000000101111101
0000000010110001
1111111101011100
0000000001110110
0000001000011110
0000000101010111
0000000010100010
0000000000110001
0000000100011111
0000000101001101
0000000000101011
1111110101100110
1111111111000001
1111111000111100
0000000011100011
1111111100110001
0000000000011100
0000000001010000
1111111110101100
1111111111011000
0000000100111000
0000000101000101
1111111110000010
0000000010100001
1111111110100001
0000000000001100
1111111111011001
1111111100101110
1111111001000011
0000000000100111
1111111101011101
1111111011010000
0000000000100101
1111111011011011
1111111111010011
0000000000011111
0000000010011000
1111111110101011
1111111010011010
0000000000001000
0000000110001111
0000000100110111
1111111111100101
1111111101001101
1111111111001111
1111110110100010
0000000001000011
1111111101101001
1111111111111010
0000000000000001
0000000000000100
0000000000011001
0000000000011110
1111111111100011
1111111111111101
0000000000001111
0000000000000100
0000000000001111
1111111111110111
1111111111100000
1111111111110101
1111111111111101
0000000000010010
0000000000010010
0000000000000101
1111111111110001
0000000000000111
0000000000001000
0000000000000101
1111111111111001
0000000000011101
1111111111111101
0000000000101010
0000000000000100
0000000000010101
1111111111110100
1111111111110011
1111111111110110
0000000000001011
1111111111110111
1111111111101001
0000000000011110
0000000000001101
1111111111111010
0000000000000100
0000000000001010
0000000000001100
0000000000000100
0000000000001111
0000000000010001
0000000000000111
0000000000001011
0000000000100010
0000000000011110
0000000000000011
0000000000001000
1111111111110000
0000000000010000
0000000000001001
0000000000010010
1111111111110001
1111111111100001
1111111111111110
0000000000010001
0000000000010010
0000000000010011
0000000000010000
0000000000010100
1111111111101101
1111111111110100
0000000000000100
1111111111110101
0000000000000101
0000000000000101
0000000000000001
0000000000000110
0000000000011100
1111111111111000
1111111111111001
0000000000010011
1111111111111011
1111111111101101
1111111111111111
0000000000000001
0000000000001001
0000000000000111
0000000000011111
0000000000001010
0000000000000011
1111111111101101
0000000000000111
0000000000010101
1111111111111000
0000000000010001
1111111111111011
0000000000011010
0000000000011001
0000000000001101
0000000000001000
0000000000011001
1111111111111101
0000000000001010
0000000000010000
0000000000000011
0000000000001110
0000000000010000
0000000000000101
0000000000000111
0000000000010000
0000000000010010
0000000000000101
0000000000000011
0000000000001011
0000000000000001
1111111111110000
1111111111110100
0000000000000101
0000000000001010
0000000000000010
0000000000010000
0000000000010011
1111111111110001
1111111111101111
0000000000011100
0000000000001010
0000000000000110
1111111111111011
0000000000010101
1111111111110011
0000000000000100
1111111111110100
0000000000001000
0000000000000001
1111111111111100
0000000000001101
0000000000000010
1111111111111111
0000000000000111
1111111111111100
0000000000010100
0000000000001010
0000000000000001
0000000000010010
0000000000000000
0000000000010111
0000000000000110
0000000000010000
1111111111111111
1111111111111011
1111111111111111
1111111111101110
1111111111011011
0000000000101000
0000000000010010
1111111111100110
0000000000011010
0000000000010010
0000000000001110
0000000000111000
0000000000001010
0000000000101111
1111111111111100
1111111111111010
1111111111111001
0000000000011101
0000000000011000
0000000000011001
0000000000001000
1111111111101001
0000000000010100
1111111111111100
1111111111110010
1111111111110010
0000000000000110
0000000000001101
0000000000000111
1111111111101101
1111111111110010
0000000000010100
1111111111101111
1111111111110111
0000000000000111
0000000000100001
0000000000011111
0000000000000000
1111111111111101
0000000000000100
1111111111101001
1111111111100110
1111111111101110
1111111111101011
0000000000011111
0000000000000110
1111111111010010
0000000000000111
1111111111111110
1111111111100100
1111111111101001
0000000000010100
0000000000001100
0000000000100011
0000000000010001
0000000000000110
1111111111101010
0000000000010111
0000000000000001
1111111111110011
0000000000010010
0000000000000100
0000000000000101
0000000000001110
0000000000011000
1111111111111111
0000000000010111
0000000000101010
0000000000001110
0000000000010111
0000000000001100
0000000000010001
0000000000000011
0000000000001011
0000000000011000
0000000000001000
1111111111111110
1111111111111011
0000000000001001
0000000000010111
0000000000101110
0000000000001010
0000000000000111
0000000000010100
0000000000001010
0000000000000111
0000000000011111
0000000000001010
0000000001110100
0000000000000101
0000000000001011
0000000000000000
0000000000100001
0000000000000100
1111111111111111
0000000000000010
1111111111110000
1111111111011111
1111111111111011
0000000000001010
0000000000001110
1111111111111001
1111111111011011
1111111111110100
1111111111111101
1111111111110110
0000000000001001
0000000000000010
0000000000000101
0000000000010101
0000000000001011
0000000000000011
0000000000011000
0000000000000100
0000000000010000
0000000000000101
0000000000000000
1111111111111110
0000000000001010
0000000000000010
0000000000001010
0000000000000110
1111111111111110
0000000000001010
0000000000001010
1111111111110011
0000000000001101
0000000000001000
1111111111110010
1111111111101111
1111111111111010
1111111111101011
0000000000000010
0000000000010000
0000000000010000
0000000000001011
0000000000000001
0000000000010011
1111111111110101
0000000000101000
1111111111100101
1111111111111011
1111111111110110
1111111111101110
1111111111111111
1111111111100010
1111111111110000
0000000000001001
1111111111111011
1111111111111011
1111111111111101
0000000000000110
1111111111101010
1111111111101101
0000000101011000
0000000100111011
0000000100111010
0000000010011001
0000000000010011
1111111111011010
0000000000001001
1111111111111110
0000000000000100
0000000000000010
0000000000000001
1111111111111011
0000000000000010
0000000000000100
0000000000000011
1111111111111110
0000000000000100
1111111111110111
1111111111111011
1111111111111110
0000000000001010
0000000000000010
1111111111111011
0000000000000100
0000000000000111
1111111111111001
1111111111111110
1111111111111000
0000000000000011
0000000000000011
1111111111111010
1111111111111000
1111111111100110
1111111111101010
1111111111111001
0000000000000001
0000000000000011
0000000000011110
0000000000011111
0000000000110111
1111111111011100
0000000011101010
1111111111011110
1111111111111101
0000000000001110
0000000000001010
1111111111111101
0000000000001000
0000000000000100
1111111111111110
0000000000000110
1111111111110110
0000000000001001
1111111111111101
0000000000001100
0000000100100011
0000000100111000
0000000101011010
0000000011000101
1111111111010100
0000000001111010
1111111111110010
0000000000000010
1111111111111011
0000000001000010
0000000000100000
0000000000001010
0000000000000110
0000000000000110
0000000000001101
0000000000000001
0000000000000101
0000000000001000
0000000000000100
0000000000000001
1111111111110101
0000000000000010
0000000000000101
1111111111111110
1111111111111001
0000000000000010
0000000000000001
1111111111111111
0000000000001100
1111111111111010
1111111111111010
0000000000000011
0000000000001001
0000000000000110
0000000000000010
0000000000001001
1111111111111111
0000000000000100
0000000000000000
1111111111111100
1111111111111011
1111111111111110
0000000000000010
1111111111111010
0000000000000100
0000000000001101
0000000000000000
1111111111111100
1111111100001101
1111111111110011
0000000001010001
1111111111110010
1111111111110110
0000000000000100
0000000010011001
0000000011000010
0000000001111101
1111111111111010
0000000100111011
0000000011011111
1111111111111001
1111111111111110
1111111111111111
0000000000000000
1111111111111110
0000000000000010
0000000000000010
1111111111111111
1111111111111000
1111111111111001
1111111111111111
1111111111111011
0000000011100111
0000000011010110
0000000011000001
0000000011110011
0000000000001010
1111111111111010
0000000000100001
1111111111011001
0000000000101110
0000000000001110
0000000000010110
1111111111110010
1111111111111110
1111111111110010
0000000000000011
1111111111111011
1111111111111100
1111111111111000
0000000000000010
0000000000000001
0000000000000000
0000000000001000
0000000000000001
0000000000000000
1111111111111111
1111111111111001
0000000000001011
0000000000000100
1111111111111111
1111111111111100
0000000000000000
0000000000000011
1111111111111010
0000000000000001
0000000000000010
0000000000000001
0000000000000101
0000000000000010
1111111111111101
1111111111111100
1111111111111101
0000000000000000
1111111111111100
1111111111111110
0000000000000001
0000000000000010
0000000000001011
0000000000000011
0000000000000001
0000000000000011
0000000000000110
0000000000000001
1111111111111101
0000000000000101
1111111111111111
1111111111110101
0000000000000101
0000000000001000
1111111111111100
1111111111111110
