111111111111100101000000
000000000000001001110101
111111111011101110000011
111111111011101101010100
111111111111011010011011
111111111011111000111110
111111111011100000110111
000000000010110000100000
111111111101101010101111
111111111110001011010001
111111111111011000010011
111111111111001001000100
111111110111000001010101
000000000010001110101000
111111111110011011100011
000000000010111101110111
000000000010100111000110
111111111001100001101110
111111111011101111110110
111111111011111111101101
000000000000101101010000
000000000001111011101110
111111111110100011111010
111111111000111101111101
000000000001001011010110
111111111101011000110101
111111111100110101011110
111111111010101111010000
111111110111111101100001
000000000001110101101111
111111110110000000000111
111111111010110110001010
111111110110111110110011
111111110110001001111100
111111110001010100011101
111111110111011001001110
111111111011000101001111
111111110111001010101101
111111111001000110101001
111111110101010111001001
111111111100101000010010
111111111011001011010100
111111111010101001101010
111111110101110111001101
111111101110100100100011
111111111000111000110100
111111101111001111000100
111111110110011101101000
111111110111001100100101
111111110111011001101100
111111110101110001110010
111111110100000010110111
111111111000010110110010
111111110100110011000010
111111110011110111010101
111111111010100010010110
111111111010001100001011
111111111101101011101110
111111110101101001011100
111111110101010100001111
111111110110110100110000
111111111000100100100111
111111111010011111101010
111111110110111001110100
111111111010001010010101
111111110101010110000110
111111110111000000110110
111111111001000111000100
111111101101110110110101
111111110100001110101000
111111110001000110110011
111111110110010100000001
111111110100010101010001
111111111010000011001011
111111111100000000010000
111111111010010110101000
111111111000111001010000
111111111111101100111101
111111110111000000101111
111111110110110001100101
111111101010101110101010
111111111000000001111001
111111111001101011000010
111111110101001000011101
111111110110000010100111
111111110011111100111100
111111111100010100100111
111111111001100110111001
111111110111011001010000
111111101111100010010100
111111111101110111100010
111111111011101000010001
111111110111010100010100
111111111010010011111101
111111110110000001111011
111111110111100011001111
111111110101000000100011
111111111111010101011100
111111111111110100111000
111111110001001010111011
111111111111101000100010
111111110011010110101110
111111110010001011100010
111111111111110101011001
111111110110000011100000
111111111111001011111111
111111111111110100110011
111111111111101000100001
111111111111110110011001
111111111111000010110000
111111111111110011011111
111111111111011001101111
111111110111100100010000
111111111111111001111101
111111111111011000010111
111111111001110011110000
111111111111011001000001
111111101110111100101100
111111111111011110011000
111111111111010101100111
111111111111100110001000
111111111001100111010001
111111111111110011000111
111111101110100001010111
111111111111101111100110
111111111111011011101001
000000000000001001011100
111111111111001000100110
111111111010110001001010
111111111001110100001010
111111111011100101100001
111111111010001110010001
111111111011000101110111
111111111011000100000011
111111111010110101101010
111111111010000101111111
111111111011010010111111
111111111010011101011001
111111111010111101001001
111111111011011100110111
