000000000001110110000000
000000000011101001101000
000000000001011100111011
000000000100000011110010
000000000000011001001100
111111111101001110001110
111111111100011100101011
111111111000011001011110
111111111011011110010110
000000001000000100000011
111111111011111111101001
111111111000001101011100
111111111101011001011100
111111111011001011111000
111111101111000110011100
000000001000100101111110
000000000000010101010110
111111111011110101001101
111111111110001000110000
000000000001110101111001
000000000001000101000000
111111111011010011111010
000000000010101001111000
000000000010011101011111
111111111101000001111001
000000000001111100001111
000000000000010001100011
000000001100011101010100
111111110001101001011100
000000001001001101100000
000000000001010010011000
111111111011001111110101
000000010101001111111110
111111111100010001100011
111111111111101001010001
000000011001001001011010
000000000000000011111000
111111110101110110010011
111111111000010110000111
111111111101011111011111
111111111000010000010110
000000000010010100111000
111111111111111001011001
000000000010100000111101
000000000101001010011111
000000000001001001110100
111111110100000100001001
000000000110101011101101
000000000000111000001110
000000000001000011100000
000000000100011001000011
111111111000100101011000
000000000000011100001010
000000000011001000001001
000000000100010111001000
111111111110000001011100
111111111111111001000011
000000000001110110100110
111111111011110100001011
000000000000110010110010
000000000001100011000110
111111110111100000110111
111111111111010111110110
000000000111110110100111
000000001100010100101001
111111111110010000111001
000000000001111001110000
000000000000001011000010
000000000000100110111101
000000000110110001001110
111111110101111000100001
111111111110010100111100
000000000111110110100101
000000000100110011010001
000000000100111000011011
000000000010000001000001
111111111100010100011010
000000000111111110110100
000000000101110000000110
000000000011110010001000
111111111011001100111000
000000000001001100101011
111111111101000111000100
000000000001011111011000
111111111110011110011001
000000000101011110001001
000000000011110001010111
111111111111110110110100
000000000000011100010011
000000000000001010110110
000000001000010110101010
000000000110101010010011
000000000101110110101100
000000000111110110101100
000000000000100010010001
111111111011001000011101
000000000101000011000111
000000000001011100010101
000000000011111111011101
111111111101100110010101
000000000100110010011110
111111111000111110000001
000000000101011011110100
000000000100100010001000
111111111011001111011010
111111111010110010011101
111111111011111011011110
000000000010011010010100
000000000010101100010001
000000000010000110111000
000000000111110110111101
000000000110001010101000
111111111011111111101110
000000001110111000111000
000000000101011110011111
000000000001111010010101
000000000001010000101011
111111111011011001001110
000000000011001110000001
000000000000110010110001
000000000010111000001011
111111111110010000011001
000000000000111100101000
000000000001000000001110
111111111110001001111010
000000001100001111110101
111111111110100101000010
000000000101100000100001
111111111100101000111101
000000000001101010001101
111111111101111110011110
000000000110000011100101
111111111101010111110010
000000001000101011110001
111111110100111000010011
000000001101101000101011
000000000100110001011100
000000000100011011011001
111111111111110101101101
000000000011011101111111
111111111100010100011001
000000000010101010010101
111111111111111011011001
111111111110011011110000
000000001000011001101000
000000000010101111111101
111111111100001101111111
000000000000000000110001
111111111110011111110001
000000000111011110001000
111111111101001111101000
000000000110000011010101
111111111110011100001011
111111111101100101001110
111111111100110110101110
000000000000100000001100
111111111000001110001011
000000000110001100101110
111111111111000101001110
000000000000111001111100
111111110101101100101001
000000000011000001000100
111111111010011011011101
000000000001001011000001
000000000111011000000111
000000001000001110010000
000000000000110011000010
111111111100100110011000
111111111111000111010011
111111111111001111100000
000000000110011110111110
111111111110100100011001
000000000000000110111110
000000000001110010110001
111111111001010100100000
000000000010110111011111
000000000001000000000000
000000000110001111100000
111111111100011111111000
111111111111010100110100
111111111101110110011010
000000000110100010101000
111111111100000000101101
111111110010110011011001
111111111011110011110000
000000000010010100111000
000000000010101100111111
111111111110110011100001
000000000010100011111111
111111111000010001100101
111111110110010110010000
111111110111110110001001
111111111101101011010101
111111111100110000101011
000000000100111101000000
111111110101111111111010
000000000110010111011000
000000000001101111000011
000000000101100010011111
111111111010111101100100
000000000011011011010101
111111111001110101101100
111111111100011100010000
000000001001110100100011
000000000011011011100100
000000000010100101010111
111111111010011010011011
000000000101110000010001
000000001010100000010101
000000001000000001110100
000000000011010101011010
000000000110010100101111
000000000001010100010000
000000000110001001011011
000000000010000101110000
000000000001110000010001
000000000100001010101100
000000000100111011010011
000000001010000111101010
000000000010000000100100
000000000111101010110110
000000001010101100101111
000000000000001000001001
111111111111010010001010
111111111101110110000100
111111111010101000011010
111111111110000011100101
000000000010101110010100
111111111101001100111010
000000001010110011100111
000000000100010000111011
111111110100100000100011
111111111101101100010100
111111111010001100010011
111111110111011101111001
111111111111011010100101
111111111100100100101010
111111110011110000100001
000000000111011010110111
000000000001110011100100
111111111110110001100010
000000000001000100100101
000000000010010100111110
000000000011001110011101
111111111110111110101010
000000000001101011110110
111111111011010100011001
111111111010001101011101
000000000101110100111101
111111111111101011000101
000000000010010101010000
111111111010110011101001
000000000011011001011000
000000000101010100100011
000000000111010001011010
111111111100011010111010
000000000100011101000100
000000000001101010110111
111111111111000111001110
111111111111001010101010
111111111110110111000000
000000000010001011010010
000000000010110011000110
111111110110100111101101
111111111010101101100110
000000000000100010101010
111111111011110110011100
111111111011101110101010
000000001101001001100110
000000000101111110001010
000000000011000101100001
000000000110011011101111
000000001001001100001100
000000000100010011101011
000000000000011001101001
111111111010001001100100
000000001000100010111101
111111111011101100101011
000000000001001111101111
111111111101111001101011
000000000010110101001011
111111111100011101001101
000000000000100111110011
000000000100010101110001
111111111011000001011110
111111110110101111011010
111111111100110010101000
111111111101100111001000
111111111010100101011111
000000000101000001101000
111111111100100111001001
111111110100001101001011
000000000101110100000000
111111111110001101101011
111111111101001110110010
000000000010010101101000
111111111101101101010101
111111110111011010011100
111111110011001101111000
000000000010000011011000
000000000101110000101111
111111111110001111100000
000000000010010010000011
111111111101101010011100
000000000101111001110100
000000000001111010011000
000000000100001101000011
111111111101111111000000
111111111010011101111100
111111111000110001001111
000000000100001000101010
111111111011000010110000
111111111011110111001011
000000000011101101011100
000000000100110100100010
111111111010010111111001
000000000101111010110011
000000001000000010010111
000000000010011010100111
000000000001101101110110
111111111111000011110011
000000000000011011010011
000000000101100101101000
111111111110110111000000
111111110101111101101010
111111111111110100010100
000000000100111010100001
000000000000010101000000
111111111111001000100110
111111111110101101111111
000000000001111000100000
111111111001111010010011
111111111101010010110011
111111111111100010000111
000000000001000011111000
000000000010000101110000
111111111101010100111000
111111111110111011100111
000000000001000100000000
111111111010100100001010
111111111111100011101011
000000000100001000010010
111111111100011010011110
000000000011100110010100
111111111101111110101110
111111111111010001110010
111111111110110011000111
000000000001101010110011
111111111010000110111110
000000000010111010001100
000000000000101100000110
111111111100000000111100
000000000011100111110110
111111111011001100000001
000000000010010001111000
000000000110100000011110
111111111111101011010111
000000000010001111000111
111111111000011010010000
111111111010101000011001
111111111111001011100000
111111111000101001000110
111111111111011111100111
111111111010010001010111
111111111100101001100101
111111111111000110000000
000000000011001000101001
000000001000011101111110
000000000111000011101110
000000001001100000010011
111111111011010000001010
000000000010000100001010
111111111110000000011010
111111111011100011000101
111111111010001011111001
000000000000111101011001
000000000000000010101101
111111111111111001001001
111111111110000101100001
111111111111101010111010
000000000011001000000110
111111111111001001111110
000000000100011111100000
111111111110101011001011
000000000100111001010100
111111111001000001011000
000000000000100010001100
111111111101110000001100
000000000000100100110000
111111111111100010101000
000000000100101001010100
000000000001001010110001
111111111100110100011011
000000000001010101110100
000000000011000100101001
000000001000001110001111
111111111000111101100111
000000000000010011011111
000000000000001000001111
111111111110010111101010
111111111111000110101110
000000000010100011100001
000000000001000001100001
111111111110111101111101
000000000101010100110110
111111111000100100010000
111111111011010000010110
000000000100100110110010
000000000100100111011000
111111111001010100001110
111111111110100011101110
000000000000100011000001
111111111011011011110100
111111111000110101111100
111111111111001101000100
000000000010010111001001
111111111100001000101111
111111111100101101001110
000000000001011011111000
111111111101100001000111
000000000001111111100000
000000000001010001011110
000000000110010101010110
111111111010011100000010
111111111110111010111001
111111111101010011100011
000000000101010110111011
000000000001011000100011
000000000001101100101000
000000000100110100000101
111111111110111001111001
111111111111010010001001
000000000110011101000011
000000000101000100100100
000000000100111111100011
000000000010101010010101
000000000110001010010000
000000000100011011010010
000000000010111110100001
000000000011001100111101
000000000010001011001100
111111111110110101100000
111111111011000011000110
000000000110001001111010
000000000001001000010100
111111111111001011011011
000000000011011101101011
111111111111110001101000
000000000100110100111110
000000000010001001110010
000000000010110111011010
000000000000001011110111
000000000101111110101111
000000000101101111111100
000000000010100101111110
000000000110101100100000
000000000110000011111010
000000001000100110101110
000000000101000001111100
111111111100111000110110
111111111111011000011100
111111111110110001000101
111111111101111100111110
000000000011001001100011
000000000010010000000000
000000000011100100001011
000000000010101100101111
111111111111100100000010
111111111101111010101011
111111111010011011110101
000000000001100011101111
111111111111101010100110
000000000011011011101101
111111111011000100101111
000000000000111110000101
111111111011100010110101
111111111011000000001111
000000000010110101011011
111111111011010000101100
000000000000111111011101
000000000100001000010101
000000000000011110101110
111111111110111000000111
000000000011011000011000
111111111101011101011111
000000000011001101100110
000000000010111011111001
111111111111101110110011
000000000001110111001100
000000000100110001101010
111111111100001100000111
000000000100100110101011
000000000011001001111011
000000000011100000011110
000000000011110101011110
000000000100011111010101
111111111111111111010000
000000000110100000011001
000000000011010000101001
000000000001001111110011
000000000101000100000010
111111111101100101001110
000000000001110101101100
111111111111001110111001
000000000000100001001001
000000000001001100110101
111111111010101101111001
000000000000100100000110
111111111101010000011001
000000000010001010001010
111111110111110110110111
111111111011111011101000
111111111111000111011000
111111111010101001011101
000000000001000111110100
000000000001101001010001
000000000011001101010111
111111111100101100111100
000000000010000100100000
000000000100100001010100
000000000101101100111100
111111111100110100110001
000000001010001000110111
000000001001010011000011
000000001010111001111100
000000000111000000111001
000000000011011010011011
000000000011101010111111
000000000011111011111100
000000000001111101011011
000000000001000100101011
000000000000001001000011
000000000010011011001101
111111111100111000110100
000000000001101011101101
000000000000001110111111
111111111011111000101100
111111111010000111011100
111111111001100111111010
000000000011110110000011
111111111100101111100011
000000000000000111010011
111111111110111110101011
111111110111000101100111
111111110100111011110101
000000000100000101110100
111111111110100110110011
111111110101110001000011
111111111100111101010100
111111111000101110011000
000000000001010101100001
111111111101001000101110
000000000010010111101111
111111111100011010011010
000000000000110001110101
111111111110111110100011
000000000011110111111011
111111111010011101010111
111111111110001100101111
111111110111100100100110
111111111001011100001111
111111111110001111010000
111111111110101000001011
000000000011111010001010
000000000011100001101110
000000000001100000001111
000000000000101011010111
000000000100011111100011
000000000001011011000111
000000001011111011100010
000000000000101100110010
000000000001001100000000
000000000011000001001111
111111111001111101100110
111111111111100110011100
111111110110011010101101
111111111000001011011110
111111111101100001011110
111111111101110100001000
111111111111111010001011
000000000010001110101001
000000000010000001011010
111111111011000111110111
111111111101011110100111
111111111001111001000010
000000000110001011110110
111111111101010001011010
000000000001000110100110
111111111111000101110110
000000000010100111101000
111111111111000110111101
111111111001100111011101
000000000000110011001000
000000000001011100000100
111111111110101000110110
000000000100011111111010
111111111110100111110101
111111111011110001101101
000000000000010100101101
000000000000111010000111
000000000010011001110100
111111111110001011011000
111111111000101101100101
000000000011111000011011
111111111110010111000110
000000000000000100010011
111111111101111110000100
111111111011001000100011
000000000100010001011110
111111111110111011111100
111111111110111110010111
000000000000000100101100
111111111111110011011100
111111111111100111111101
111111111111101111100010
111111111111111101100100
111111111111111001111111
000000000000000010010000
111111111111110010011101
111111111111110100101010
111111111111110101111011
111111111111101111011000
000000000000001110000001
000000000000011001111000
111111111111110010011001
111111111111111011100000
000000000000001001101001
000000000000000000111101
000000000000000001110110
000000000000001010110101
000000000000001001111101
000000000000100111000100
000000000000101000100000
000000000000000111100101
000000000000001100011001
000000000000001011011011
111111111111111000011010
111111111111101101111000
111111111111111100101111
111111111111111000101010
111111111111111101101001
111111111111110000111010
000000000000001000101011
000000000000001100110001
111111111111111001000001
111111111111110111000011
000000000000000011011010
111111111111111101110010
000000000000000010110000
111111111111111111010110
000000000000001111111110
000000000000001010011100
111111111111111111111100
111111111111111101101000
000000000000000001011100
111111111111111111010101
000000000000000100010100
111111111111101010011010
111111111111111110010101
111111111111111001010110
000000000000001001110010
000000000000001001110100
000000000000000000001000
000000000000000001101011
000000000000000011100110
111111111111101111110110
000000000000000000110111
111111111111111111101111
000000000000010000001011
111111111111110110100101
111111111111111011011101
111111111111111011111011
111111111111101101010000
111111111111111101101100
000000000000000110110101
111111111111110001100100
111111111111110111010001
111111111111111110100011
000000000000000110100100
000000000000001001100101
111111111111110101001000
111111111111111110111100
111111111111101101111101
111111111111110100000111
111111111111111101001000
000000000000000011100111
111111111111111100000000
111111111111110010110010
000000000000000011011010
000000000000001000010010
000000000000000100010011
111111111111111100100100
111111111111100110010101
111111111111110000101111
111111111111110100110110
111111111111111110011010
111111111111111010010110
111111111111111110000100
000000000000001000010011
000000000000000100011000
000000000000000010011100
111111111111101110111011
000000000000000010100011
000000000000001000011001
000000000000001000010110
111111111111101101111101
000000000000000001011000
000000000000000001011001
111111111111111010000101
000000000000001000001100
000000000000001011110000
000000000000000000100010
111111111111111111011011
000000000000000101100101
111111111111111111111010
111111111111101000111110
111111111111110000101100
111111111111110111111000
111111111111110111101101
000000000000000000101010
000000000000001001001011
000000000000001011111000
000000000000011111001101
000000000000011000000111
000000000000010100001111
000000000000000010100110
000000000000000111110110
000000000000011000110001
111111111111111111111101
111111111111111100000001
000000000000001100001011
111111111111110000010001
111111111111110000101011
111111111111111010001101
111111111111111110111101
111111111111101010101101
000000000000001000000001
000000000000001011010010
000000000000000101001111
000000000000010100001001
000000000000010000011101
111111111111101101111001
111111111111111001110011
111111111111110011011001
000000000000000010011110
000000000000001101110100
111111111111111111101101
111111111111110110001011
111111111111111101011001
000000000000001011010010
111111111111110000110110
111111111111100111111010
111111111111111101000110
111111111111111000110011
111111111111101110111111
111111111111110110001001
000000000000011001111010
000000000000000101011010
111111111111100000111010
111111111111111110110010
111111111111110100010000
000000000000011000001110
000000000000011111010011
000000000000100011101101
000000000000110101100101
000000000000011010101101
000000000000000000011111
111111111111010100000011
000000000000000110100000
111111111111111010100011
000000000000000111011101
111111111111111000010110
000000000000000010101011
111111111111111011110011
000000000000000100001000
111111111111111101111101
111111111111101110111100
000000000000001100111011
111111111111110110000010
111111111111110111111000
111111111111110001101000
111111111111101001101010
111111111111111101101001
000000000000001100001101
000000000000000110010111
111111111111111000011111
000000000000000111111010
000000000000000010111001
000000000000000110101111
111111111111101101100111
111111111111011111001000
111111111111110101101101
000000000000100100100000
111111111111111101011101
111111111111110010110001
111111111111110111101101
111111111111101110011011
111111111111101101001111
000000000000011100000011
000000000000000111011010
000000000000001110001101
000000000000000010001010
111111111111111011111111
111111111111111100010001
111111111111011110010101
111111111111110010100111
111111111111111100100100
000000000000000000000000
111111111111110011101010
000000000000000010001100
111111111111111111100011
000000000000001110000010
000000000000000101110001
111111111111111101100001
111111111111111111001100
000000000000001011001111
000000000000000101110110
000000000000010001010111
000000000000100101000111
000000000000010101001011
111111111111110001000010
000000000000001101100110
000000000000001001011000
111111111111110110101000
111111111111111100111100
000000000000000100011100
111111111111111110011010
111111111111111011001111
000000000000000100000001
000000000000001011110111
000000000000100010101001
000000000000000001100100
000000000000000111011110
111111111111110101110110
000000000000001010011010
000000000000000010000000
111111111111101010001101
000000000000001010110001
000000000000010010000000
000000000001001010111011
000000000000000101111100
000000000000000000110100
111111111111110111100101
000000000000000100111101
111111111111111101110100
111111111111111011100001
000000000000001111111011
000000000000001110000110
111111111111010001011111
000000000000000010101100
111111111111110110110001
111111111111101000100011
111111111111110011100000
111111111111111111111011
111111111111110001001010
000000000000001110000011
000000000000000010011000
111111111111011111000001
000000000000001101100011
000000000000001100001000
111111111111111100011100
111111111111111001001010
111111111111111100111010
111111111111111000001000
000000000000001010000001
111111111111110001010111
000000000000010010011111
111111111111111010110100
000000000000001001101001
000000000000001010000011
000000000000001001001111
111111111111111111000111
000000000000001010000000
000000000000011000001100
000000000000011001011100
000000000000010100000110
111111111111101111000111
111111111111101001010000
111111111111110001111100
000000000000001101010001
000000000000000000100111
111111111111110010111000
000000000000001001011100
000000000000000001100110
000000000000000111011111
111111111111110011000001
111111111111111110100100
111111111111111010110111
111111111111101101001011
000000000000000001001100
111111111111101000010010
000000000000010000100101
000000000000001000010011
111111111111111110101100
111111111111111000111110
111111111111111100001000
000000000000001000110000
000000000000001001001010
111111111111111111101100
111111111111111111000100
000000000000000000000000
000000000000000000000000
000000000000000000000000
000000000000000000000000
000000000000000000000000
000000000000000000000000
000000000000000000000000
000000000000000000000000
000000000000000000000000
000000000000000000000000
000000000000000000000000
000000000000000000000000
000000000000000000000000
000000000000000000000000
000000000000000000000000
000000000000000000000000
000000000000000000000000
000000000000000000000000
000000000000000000000000
000000000000000000000000
000000000000000000000000
000000000000000000000000
000000000000000000000000
000000000000000000000000
000000000000000000000000
000000000000000000000000
000000000000000000000000
000000000000000000000000
000000000000000000000000
000000000000000000000000
000000000000000000000000
000000000000000000000000
000000000000000000000000
000000000000000000000000
000000000000000000000000
000000000000000000000000
000000000000000000000000
000000000000000000000000
000000000000000000000000
000000000000000000000000
000000000000000000000000
000000000000000000000000
000000000000000000000000
000000000000000000000000
000000000000000000000000
000000000000000000000000
000000000000000000000000
000000000000000000000000
000000000000000000000000
000000000000000000000000
000000000000000000000000
000000000000000000000000
000000000000000000000000
000000000000000000000000
000000000000000000000000
000000000000000000000000
000000000000000000000000
000000000000000000000000
000000000000000000000000
000000000000000000000000
000000000000000000000000
000000000000000000000000
000000000000000000000000
000000000000000000000000
000000000000000000000000
000000000000000000000000
000000000000000000000000
000000000000000000000000
000000000000000000000000
000000000000000000000000
000000000000000000000000
000000000000000000000000
000000000000000000000000
000000000000000000000000
000000000000000000000000
000000000000000000000000
000000000000000000000000
000000000000000000000000
000000000000000000000000
000000000000000000000000
000000000000000000000000
000000000000000000000000
000000000000000000000000
000000000000000000000000
000000000000000000000000
000000000000000000000000
000000000000000000000000
000000000000000000000000
000000000000000000000000
000000000000000000000000
000000000000000000000000
000000000000000000000000
000000000000000000000000
000000000000000000000000
000000000000000000000000
000000000000000000000000
000000000000000000000000
000000000000000000000000
000000000000000000000000
000000000000000000000000
000000000000000000000000
000000000000000000000000
000000000000000000000000
000000000000000000000000
000000000000000000000000
000000000000000000000000
000000000000000000000000
000000000000000000000000
000000000000000000000000
000000000000000000000000
000000000000000000000000
000000000000000000000000
000000000000000000000000
000000000000000000000000
000000000000000000000000
000000000000000000000000
000000000000000000000000
000000000000000000000000
000000000000000000000000
000000000000000000000000
000000000000000000000000
000000000000000000000000
000000000000000000000000
000000000000000000000000
000000000000000000000000
000000000000000000000000
000000000000000000000000
000000000000000000000000
000000000000000000000000
000000000000000000000000
000000000000000000000000
000000000000000000000000
000000000000000000000000
000000000000000000000000
000000000000000000000000
000000000000000000000000
000000000000000000000000
000000000000000000000000
000000000000000000000000
000000000000000000000000
000000000000000000000000
000000000000000000000000
000000000000000000000000
000000000000000000000000
000000000000000000000000
000000000000000000000000
000000000000000000000000
000000000000000000000000
000000000000000000000000
000000000000000000000000
000000000000000000000000
000000000000000000000000
000000000000000000000000
000000000000000000000000
000000000000000000000000
000000000000000000000000
000000000000000000000000
000000000000000000000000
000000000000000000000000
000000000000000000000000
000000000000000000000000
000000000000000000000000
000000000000000000000000
000000000000000000000000
000000000000000000000000
000000000000000000000000
000000000000000000000000
000000000000000000000000
000000000000000000000000
000000000000000000000000
000000000000000000000000
000000000000000000000000
000000000000000000000000
000000000000000000000000
000000000000000000000000
000000000000000000000000
000000000000000000000000
000000000000000000000000
000000000000000000000000
000000000000000000000000
000000000000000000000000
000000000000000000000000
000000000000000000000000
000000000000000000000000
000000000000000000000000
000000000000000000000000
000000000000000000000000
000000000000000000000000
000000000000000000000000
000000000000000000000000
000000000000000000000000
000000000000000000000000
