111111110101001001000010
111111111001010001011010
111111111110011100111111
000000000000111101111000
111111111011111011110101
111111111100100001001000
000000000000110000110100
000000000011110101100011
000000000111111000010000
000000001000010100011011
111111111100000100110011
000000000010101010111010
000000010000000111100001
111111111110010110010011
111111111111100011000100
111111110010110111111111
000000001111011110000011
000000000001010011100110
000000000001011101001000
111111111101100101100000
000000000011100101011001
000000000001000011100100
000000000000000011011000
111111111100010111110110
111111111111101000111101
111111111101110000100101
111111111101101101000000
000000000111010010000100
111111111011101010011010
000000000101101100100111
000000001100010100110001
111111111001110101101111
000000001001011000000101
000000000000001110100110
000000010010001100111001
000000001001111001001011
111111110110111000100101
111111111011000101010101
000000001110101001010110
000000000010001101010101
111111111101001111000110
111111111000101100111001
000000000110100100000010
111111111101100111010010
111111110111001000100011
111111111111000001001101
000000000000110001001101
111111111011001001010000
000000000001101000011001
111111111111100001010011
000000000000110111011001
111111111010010010011011
111111111010111001001010
000000000101001010001010
111111111111011110111000
000000000110110010010110
000000000000101111100110
111111111011110110011001
000000001000100011000110
111111110110101111100011
000000000000110100011110
111111111001111011111111
111111111110010111101001
111111110110100101011000
111111110111101010100110
000000000101111111011100
111111110111111010101000
000000001110110010001001
000000000010010010101110
000000000111101010101100
111111111111001111100001
111111111001010001110000
000000000111101000011011
000000000000011010001011
000000000000001101010010
000000001000100010010001
111111111100000100110101
111111111110111000110111
111111111010101001000100
000000000010111000011011
111111111110001111010111
000000001001010100110110
111111111100010110000100
111111111010011100100001
000000000101001111100101
000000000001010010000101
111111111111000000100011
111111111110101110100101
111111111010011110011010
000000000110011011000111
000000000110010011110100
111111111111001111101001
000000000000100110000011
000000001001100010000000
000000000100110011110000
000000001000011111111001
000000000011100001101101
000000000000111001010110
000000000001111111101100
111111111100101110111111
000000000011011001010001
000000000001100000000010
000000000100110001111111
000000000011101001010100
111111111011001110001110
000000000001011000000101
000000000101001000010101
000000000000111110001011
000000000001100010011101
111111111111010011100101
111111111100011111010001
000000000010000110100101
111111111011111010101110
111111111111111110011011
000000000001101110101110
000000000011010110010001
000000000010011100011010
111111111100011111010100
000000000010111110101001
111111111100100111001110
000000001011010000011100
111111111101011110110001
111111111101100001001111
000000000000001000101010
111111111101110001110100
000000000011010011011110
000000000111001110011100
111111111111100110001010
000000000101110011010011
111111111011111011111010
111111111100111000001001
000000000010000110110101
111111111110011011110111
000000000001010000011011
111111111110100110001101
000000001000010110101000
111111111100100011101011
111111110101011100101100
000000001000011000001110
000000000011010100011000
000000000000000011011100
000000000000011011110000
000000000010011000111000
111111111110110110111010
000000000000111111011000
000000000000011100011011
111111110111100101001101
111111111110101010001011
000000000101000111100111
111111111101100010101000
111111111111010110110100
000000000001001111101110
000000000001110101100011
111111111110100111101011
111111111011100001010100
000000000000001101111001
000000001000101001111000
111111111110100010010111
000000000010101000000111
111111111110110101110000
000000000000000010011110
111111111111110100001001
000000000000100000011001
111111111011101000100100
000000000000110101111001
000000000000110100001100
111111111110010001110001
111111111001100011110000
000000000010111000100101
000000000000010000011100
000000000010000011011010
111111111111101011000101
111111111111010111011001
000000000000110000011110
111111110110101101001000
000000000100111000101001
111111110001010010000000
000000000001000100100010
111111111111110100110001
000000000000110010111100
000000000100001011010100
000000000011011111010100
000000000100111001000001
111111111011101001011100
000000000111100110001101
000000001001010010000111
000000000000111111011000
000000000010001110110100
111111111110000010110111
111111111100111110100110
000000000101010110000010
111111111011100101001000
000000000101101101011000
111111111110110111101111
111111111110100100101011
111111111000000001100000
111111111010100110110111
000000000010011000000010
000000000010010011110100
111111111100100000101111
000000000011110001111010
111111111011111011101001
111111111111000110001001
000000000010001011100111
000000000010010000100000
111111111110100001100110
000000000010001010111001
000000000010100010000001
000000000111011101110001
000000000001111001100111
000000000111110100001011
000000000111000100001001
000000000101001101110000
000000000101000010001001
000000000101011101001010
000000000110001010110110
000000000011011101001000
000000000001111111001100
000000000101010010010101
000000000010001000000100
000000000010001000001100
000000000100110010110010
000000000011100111101001
111111111111010000101110
000000000110010011100111
111111111111011101101111
111111111000110001100000
000000000001101000101010
000000000100011010110001
000000000101010100011011
111111111010001111000111
111111111011101100111000
000000000011011101010011
000000000001000010010000
111111111110001110111110
000000000000011110101111
000000010000101111100100
111111111110011110001010
111111111110000000001011
000000000011111111011001
111111111101011111101010
111111110111111111001000
000000000110001000111100
111111111101100100010110
111111110110011101100001
000000000010110111111101
111111111111111000111000
000000000001101001110110
000000000100100111100011
000000000101110001001110
000000000000110100000011
111111111111000111101111
111111111100111000100000
111111110111011100010000
111111111111010011110110
000000000000101011100110
000000000000100001100111
111111111110110001010101
000000000110100111011101
111111111101101101010011
000000000001011110110000
111111110110001101110010
000000001100011001010111
111111111100100111010111
111111111100100001000001
000000000100111110101101
000000000100001001110011
111111111101101010101010
111111111001111001011001
000000001010111010100110
000000000101010110100110
111111111011110100100011
111111111101110101101011
000000000011001010010001
000000000000110011011001
000000001000110110010010
000000000100101111111000
000000000000001110001100
000000000011000101110110
111111111010010011100001
000000000001010100110010
000000000001000110001000
000000000001010110101010
111111111110111100101000
000000001001100000110100
111111110111000110100000
000000001010000011111110
111111111010111110010001
111111111000011011100100
111111111110101111010011
000000000011101000110111
111111111001111000011000
111111111110111110111111
000000000001100111011111
000000000001100010101101
111111111010010011011001
111111111101111101110111
000000000001100110111110
000000000111010101110001
000000000011000110001101
000000000011111101111100
111111111100001010001100
111111111001111111101110
111111111011111101000000
000000000000001111110101
000000000000011100010111
111111111110100001111001
111111111111100111011110
000000000100100110111001
111111110101001100110000
000000001000111111010010
111111111000101011011001
000000000001100001101100
000000001000101001011010
111111111011110010111110
000000000011000000110100
111111111110010101001011
000000000000011000011001
000000000010000011010111
000000000101010011100010
000000000010011100100101
000000000000011000111101
000000000110001101101101
111111111000010100111111
000000001000001011010111
000000001000100010101010
000000000110000101001111
000000000111111001110001
000000000000010100101101
000000000000110101100100
000000001000100100010111
000000000001100010000101
000000000011010101000011
000000000111101011100100
000000000010101011010110
000000000100011111100010
000000000101100001000000
000000000010100100001100
000000000011110101000110
000000000101101001111010
000000000010001101011100
000000000010110110010111
000000000110000011110001
000000000111111001100001
000000000100101111110101
000000001000000101010001
000000000001100101000010
000000000010000110100100
000000000100001100111101
111111111110001111001101
000000000100011100111010
000000000100101011101011
000000000110100001010111
000000000111111011010001
000000000110000100000110
000000000010100011101111
111111111101011001010110
000000000010001001110100
000000000010101001111110
000000000001100111101000
111111111111101100111011
000000000011101111001100
000000000001100011010111
111111111111010011111010
111111111111001111111010
000000000010001000110001
000000000001000010011111
111111111111101010000110
000000000001110010001100
000000000010011111011101
000000000100011010001111
000000000000011101111101
000000000000110110110010
000000000110001011110110
000000000011110100110011
000000000101111100111101
000000000100011010111110
000000000001001000100110
000000000011011101101000
000000000010011100111011
000000000110001111000101
000000000100001001101100
111111111111100000010010
000000000001100101001011
000000000100001100101001
111111111110100010001010
000000000011001001100100
000000001010010100010001
000000000111000010100100
000000000111011000111010
000000000111110111111000
000000000110010000110000
000000000001111111001110
000000000011011000101110
000000000011010011100110
000000000111010110110111
000000000010110101000011
000000000000001111100011
000000000011101101100111
000000000001100010011011
111111111101110111100101
000000000001100010100111
000000000111110101111010
000000000010111101001011
000000000101011010000101
000000000010001011000110
111111111110000010101010
000000000101100011011110
000000000001110011110001
111111111101101011101101
111111111100111001001110
111111111100101110000110
111111111001111001010001
000000000010100110000101
000000000101010011010011
000000000010101001100000
000000000010110010111110
000000000010000000010100
000000000100110101011011
111111111111101000011000
000000001000110111011001
000000000001010000101001
000000000000001010101010
000000000110011100111000
000000000100001101011100
000000001010001001101101
000000000010100010010000
000000000110011010110001
000000000011110111010100
000000010000111001110110
000000001010110000010000
000000000010011011110100
000000010001011101100010
000000010000000111111101
000000001100011010101100
000000001101011001101001
000000001100011011101000
000000001000110111000011
000000001110011001011100
000000001000011010101110
000000000111011101011011
000000000100101001001111
000000000111011001111100
000000000000011001100101
000000000111101101111100
111111111111001000000010
000000000100111000010111
000000000110101000101011
000000000110110010100110
000000000010000101010000
000000001110101100100111
000000001010010100110100
000000001111100101110000
000000001111101010101101
000000001000111110001100
000000001000110110111100
000000001101001111001100
000000001011110101100101
000000001100000010111101
000000001001011001110101
000000001000111011000110
000000000111101100101011
000000000111010111010111
000000000100001101111100
000000000010001011000011
000000001001011100001001
000000000100011111001010
000000001000010101100111
000000000110011111000110
000000000000011001001000
000000000010010101101100
000000000010101110101011
111111111111110101011110
000000000000001101001100
000000000111000000101110
000000000011000100000001
000000000010111101110011
000000000111001111101000
000000000101001110100110
000000000010100000010001
000000000110001000001000
000000000001101110001101
000000000001000100000101
000000000011010111000010
000000000001000011110010
000000000001111111011001
000000000100000101001000
000000000010001010000000
000000000100100101010101
000000001010001101111010
000000000010101010000000
000000000011100101110010
000000000110001001001111
000000000001011110011001
000000000010000011000000
000000000101100001111011
000000000100110111010001
000000001000101111111110
000000000111100011010001
000000000011000100011000
000000000010110110010111
000000010000000000111111
000000000110011110110101
000000000101101011011001
000000000100100101110110
000000000100110010010100
000000000110001110000010
000000000010110011010001
000000000000010001101101
111111111110000000110110
000000001000100011100000
000000000001010101101011
111111111101111101010111
000000000100101101011111
000000000111010100000100
000000000011111101101011
000000001010100100100010
000000000001111000001110
000000000100100101001000
000000000110111011101000
000000000101111000111110
000000000100110111111010
000000011000010110111100
000000010110000001101010
000000010100010011001010
000000010011000101110101
000000001111010110100100
000000001010001110111111
000000010010110100000110
000000001011001111010001
000000000111100011101101
000000000101001011011001
000000000010111010100010
000000000110011100101000
000000000000010010110111
111111111100111011001100
111111111110111110011010
000000000001101010010010
111111111101101100111011
000000000010001011001000
000000000101010001100000
000000000000000111010010
111111111111000010101011
000000000011111101000010
000000000001101110111010
000000000011000101101111
000000001001011010000111
000000000011100001101011
000000000000100111111010
000000000101111101011111
000000000001101101110100
000000000100111011100000
000000000011011001101100
000000000001100111110000
111111111111110100110000
000000001010101110001111
000000000000110011111111
000000000001110101011100
000000001011111011111101
000000000111110111000010
000000000100111110000000
000000001001001010111101
000000000100011010100001
000000000100011010111011
000000001101001001000110
000000001001000010101100
000000000111110101101110
000000001101011010110100
000000001010110010111110
000000001011010000011100
000000001000000100001001
000000000110010001101001
000000000100101111101001
000000001011001100010000
000000000101100111001100
000000000011100100110010
000000000011100000100100
000000000110100010011010
000000000110000001001101
000000000110000000100110
000000000011111010111000
000000000011011001001010
000000000100111110011110
000000000001011001010000
000000000010011001100111
000000000010000011101100
000000000100110010111101
000000000001100010001000
000000000011010111110011
111111111101100001100101
111111111110110000000010
000000001001100010000011
111111111111000010110100
000000000000101100100010
000000000110001001011010
000000000011100101110000
000000000010000010001110
000000000001111111011001
111111111110000011000000
000000000011010010001010
000000000010110010000001
000000000000011110001110
000000000010111100110100
000000000101100001001100
000000001001010101011100
000000001000011110001101
000000000100101101100000
000000000011010111111000
000000001000010000100111
000000001000010111101011
000000000011101101000001
000000000000111011100011
111111111110011000001010
000000000000100010010000
000000000001000001000001
111111111001100010011101
000000000001001011000010
111111111101001000010100
111111111010011010101100
000000000001010011100001
000000000010101111100110
111111111111110001010001
000000000010110010111100
111111111111101011101010
000000000010110100010100
000000000000010001000111
111111111110001101110010
000000000010111111101101
111111111110011011001110
000000000001011110101001
111111111111101110110011
000000000001000011000101
000000000000101010001100
111111111111011111010001
111111111110100100011111
000000000001000011100001
000000000001000101010110
111111111101011110100100
111111111111010111011110
000000000000001100100010
000000000000011010010100
111111111011001111011001
000000000001101100000110
000000000000011001001010
111111111010000011101110
000000000000001101010001
111111111101101001100110
111111111111000001111100
000000000001111011000110
111111111111110000011000
111111111110011100100000
000000000001001001001010
000000000010000101100010
111111111111100110110000
000000000110010110110010
000000000010100111110010
000000000110101100010001
000000000001101101111101
000000000001100001011010
111111111100111111110010
000000000000110100000011
111111111100110101111011
111111111100100111010100
000000000001111100010110
111111111111011010000010
000000000010011001101101
000000000101011101110011
111111111110111010100101
111111111111000101110001
111111111100101110011010
111111111110110010111000
111111111100010000101010
111111111111110101101100
000000000000001001110010
111111111101111010101010
111111111111100110010000
111111111001011010000110
000000000000110010101000
111111111100110101100010
000000000001011110101101
000000000001000110011111
111111111110111000010111
111111111111011101010100
000000000001010101000010
000000000101011111001100
111111111111010100001011
111111111110111111000010
000000000001011100001100
111111111111110001101011
000000000000010010011110
111111111111010100001011
111111111111111101100001
111111111101111111011111
111111111110000110010100
111111111111110111110001
111111111101011111111110
000000000010001111100100
111111111101100100011111
111111111111010001110011
000000000000010000110100
111111111101100011001110
111111111010111110100001
111111111011100000011101
111111111011010101010110
111111111110010101001011
111111111111000011100101
111111111101111100111010
000000000001101010000001
000000000011100001001100
111111111110000000100011
111111111100101001100010
000000000010000110001110
111111111110100100110000
000000000010010001111101
000000000000010010101010
000000000010000101111000
111111111101111010011110
111111111100110101111011
111111111010100100111010
111111111111000000101110
111111111111110011111100
111111111111011100001100
111111111101011100000110
000000000001101000111111
111111111110100000101101
000000000000000100111111
000000000001101100111100
000000000000000001011111
111111111100111001110011
111111111101111011010101
000000000000101110001000
111111111111110011001111
111111111111001100001100
111111111110010000000110
111111111110000001001110
111111111100111000101111
111111111110110001010111
000000000000100101001101
000000000010100010011000
000000000001100100111001
000000000000011111010100
111111111111101101101001
000000000000000001110111
000000000010000011110100
000000000000010100110101
111111111101011001010110
000000000100110001011101
111111111110001100010010
000000000000010110110100
000000000001001101100000
000000000001101111011111
111111111011100001111100
111111111111011110110111
000000000000111010101110
111111111110011111111000
000000000001100110101111
000000001101011000000101
000000001001111010011010
000000001000010001110100
000000000101101010001001
000000001000110000100111
000000001000101000110101
000000001101111001001001
000000001011010100110100
000000001010011100110110
000000000000111111110111
111111111101000111000101
111111111111111111011001
111111111110010010101101
111111111111100000001000
111111111011110110111101
000000000001011010001010
000000000010011110010010
111111111100100100101000
111111110110110001010001
111111110100010110000111
111111111111111000100111
111111111110000110100101
000000000000111010001101
111111111111001001100111
000000000000110100011111
000000000000110110001001
000000000011101100110100
000000000001100000000110
111111111111110011111111
111111111111101000010000
111111111110011111100010
111111111110110000011000
111111111011001011000111
000000000000101111111100
000000000010010101010001
000000000011011010110010
111111111111001001100111
000000000100110101011011
111111111111100100010110
000000000000000110101111
000000000001000011000001
000000000000111100000001
000000000010011111100001
111111111111111000000100
111111111110011101110011
000000000100100010111010
000000000000001001011001
111111111111001100011000
111111111100010000111001
111111111101010010110001
000000000001100111011111
000000000101111001011100
111111111110101110000000
111111111111101101011101
111111111110111100001101
111111111110110011011000
111111111111001010100111
111111111011110100111111
111111111111100100111100
111111111100111010010101
111111111101001100010110
111111111110110011001001
111111111110111100011111
111111111101001000100000
111111111110001011010000
111111111111000110101101
000000000001101011001100
111111111111101111110001
111111111111011011011100
111111111110100100001010
111111111110000100101011
111111111101000110010011
111111111111000001110110
111111111111000101000110
000000000000111011101111
000000000001110100010010
111111111011111111100001
111111111111111111100000
000000000011001010011000
000000000000011111110000
000000000001111111100110
000000010011010001011110
000000001010111111100010
000000001000010001111111
000000000111010110111111
000000000100001111101010
000000000111101001100011
000000000110101100010110
000000001000000000010101
000000001001011000101001
111111111011000011001111
111111111111111000100101
000000000010011010001011
000000000000010001101111
000000000010100011100100
111111111101110110110001
111111111100010001110000
111111111111100111101001
111111111011000110010100
111111111101000110110101
000000000010110000110101
111111111110100011110100
111111111101100110110001
111111111110100011011001
111111111000010001001101
111111111011100101111111
000000000001000100010101
000000000000100010000100
111111111100010110000001
000000000000000100100101
000000000001011011101001
111111111101110111001101
000000000000000010100000
111111111111000010101001
111111111101101000100010
000000000010011000001111
111111111111000010010101
111111111101010100100100
000000000001100100101101
111111111110101110001111
111111111101100011101001
111111111000111111100001
111111111101111110100001
111111111101110010001000
000000000001000001101100
111111111001101000010000
000000000000000100001010
111111111110000011000100
111111111111111100111111
000000000000000110000110
111111111011111111010011
111111111110110110100111
000000000000100101100010
111111111110100000111101
111111111111111010111011
111111111101111010100110
111111111111010101000000
000000000000101110101101
111111111010101010111101
111111111110010111011101
111111111101000101101000
000000000000000010100001
111111111011100010100001
000000000000101011001001
000000000000101101111000
000000000000100010110100
111111111111110111001110
000000000000001111100000
000000000001001111011111
000000000100100010011100
000000000101101000010010
000000000010010001111001
111111111111111101011000
111111111111101111100000
111111111111100001110001
000000000000011110010000
000000000000000001101001
111111111111110011110000
000000000000001001101101
111111111111110110101111
111111111111101110000000
111111111111101111100011
111111111111111100101011
111111111111110101000010
000000000000001110111001
000000000000000110101001
000000000000001110010111
111111111111110111010111
111111111111110001111001
111111111111110011000001
111111111111110100000100
111111111111111011110110
111111111111100110101100
111111111111101100100010
111111111111101101100101
111111111111101001011100
000000000000000000011101
111111111111110111111101
111111111111110000000111
111111111111111110000000
111111111111011001111100
000000000000000010011001
000000000000010101110110
111111111111110110000101
000000000000001110110010
000000000000001001010100
000000000000001110001010
111111111111100101110000
000000000000010000001100
111111111111111110000101
111111111110111001001100
000000000000011010111001
111111111111111100110001
111111111111111111100011
000000000000001011100111
000000000000000101011101
111111111111101101101101
111111111111101111010000
000000000000000110001010
111111111111111110010111
000000000000000000100011
111111111111110100110010
000000000000000110001010
111111111111111110010111
000000000101011010011110
000000000010110111101111
000000000010011110001011
000000000100111100111110
000000000000010011100001
000000000000001000100001
000000000010001111100010
000000000000000110110011
111111111111110101100100
000000000000011001010110
111111111111110110011000
000000000000010110100110
000000000000001001011101
000000000000001101011100
000000000000011001001000
000000000000000101101110
000000000000001000011000
000000000000000110001111
000000000000000100011101
111111111111111100100100
000000000000000000000100
111111111111111100101011
000000000000001010001010
000000000000000101110001
111111111111101000101011
111111111111111100110011
111111111111110100101110
111111111111110101110000
111111111111111001101001
111111111111110001011000
111111111111110111111110
111111111111100010001001
111111111111111000000010
111111111111110011001111
111111111111111010110001
000000000000000100101000
000000000000001000000000
111111111111101110100000
111111111111111110101000
111111111111111111010101
000000000000000000001110
000000000000000000011010
111111111111110101101111
111111111111111111001010
000000000000000101110100
000000000000001011011101
000000000000001011110001
111111111111111100000111
111111111101101011010000
000000000000010111100001
111111111111110010010010
000000000001010001101001
111111111111100101011000
000000000011001010011100
000000000100010010011100
000000000100111000001110
000000000011100101101000
000000000010111100001000
111111111111111000111001
000000000101001110001101
111111111111110000111011
111111111111110110001101
111111111111110111100100
000000000000000001101100
111111111111110110111000
111111111111101011101000
111111111111111001010110
111111111111111001111000
111111111111111001000101
111111111111100111011111
111111111111100110010100
111111111111101001101111
000000000100011111001101
000000000101011001010011
000000000011100110000011
000000000001100010001011
111111111111111001010101
000000000000100001010000
111111111111110001011011
000000000001100111010110
000000000000101101101111
000000000000001110111100
000000000000101000011101
111111111110111110111100
111111111111101011111000
000000000000000001110111
111111111111111111011101
000000000000000001000000
111111111111101111100000
111111111111110101101010
111111111111111111010011
111111111111110101101101
111111111111101011011101
111111111111101101000000
111111111111111011101110
111111111111101000111100
111111111111111100001100
111111111111111110110111
000000000000010010000101
111111111111111110100000
111111111111111111011101
000000000000000101011111
000000000000001110101110
000000000000001011000000
000000000000000100011011
000000000000001110101001
000000000000010000111000
000000000000001100100000
111111111111111000111001
111111111111111010100100
000000000000000000111100
000000000000000010110111
000000000000000101011101
000000000000001010000110
000000000000001011011010
000000000000000010001011
000000000000000101110010
111111111111111010100011
000000000000000000101101
000000000000000110011011
111111111111101110001001
111111111111110110101001
111111111111101101010000
111111111111111101111101
111111111111101011111110
111111111111101001101101
111111111111110001110100
111111111111110111111001
111111111111110011111100
111111111111101111100101
111111111111110101100001
111111111111111010000000
