111111111000111001000010
000000000101010000110101
111111110011000010111111
111111111101001000110111
111111111011111100000110
111111111011010101000001
000000000010111011010011
000000000010010011110101
000000000000110001101001
000000000111111101000100
111111111000011110010100
111111111100010011011111
000000000010000100011100
111111111001001000010111
000000001101110001011101
111111110011011000001001
111111110001010101010011
000000001010011101100101
000000000001100000100110
111111111101000000000010
111111111111011000010111
000000000001100011101011
111111111100001110011000
000000000110001010110110
111111111111100000010011
111111111111101001111100
000000000000101101010110
111111111111110001110101
000000000001010001111000
111111111001000010111011
000000000010010011010110
000000000101100110100001
000000000010011101011010
111111111001001100101010
000000000111111000010001
111111111110110100011010
000000000001101110010101
000000001010101100001101
111111111100100010010101
000000000010011010000101
000000000010011110001110
111111111100110010001011
000000000100101001010101
111111110101010011111011
111111111111001010100010
111111111011011110011001
000000000011100010011000
111111111011001111001100
111111111100111111100001
111111111110101100101010
111111111110100000011010
000000000001010001111011
000000000001011000100011
000000000000010110111111
000000001101101110000100
111111111111110011001010
111111111011110101100011
111111111101110000000010
000000000011001110010001
000000000000100111101010
111111111111001111101101
111111111101010110011110
111111111011011101011000
111111111110000001101001
000000000000111101110001
111111110101101101010000
000000000010100000111111
000000000100101101110111
000000000100011010110011
111111110011100011001111
000000000011000110000111
000000000100010000011010
000000000001000001100101
111111111011011010000110
111111111010000101000001
111111111110100011001101
000000000011011011111110
000000000001110110010011
000000000110110110110001
000000001000010000001100
000000000001100110101101
111111111011001101001110
111111111001111001001110
000000000000001110101000
111111111110001010010001
111111111001111010010110
000000000111001010011000
111111111001000100001000
000000000101100100010110
111111111100100010111001
000000000101110010010011
111111111101001011101111
000000000011101001110111
000000001101011011101000
000000001000010010010100
000000000001100011000010
111111111111100101001101
000000000000101011011010
000000000100111000100101
111111110111011111010111
111111111110101111101000
111111111110011111100111
111111111011000101101100
111111111111100001111110
000000000101100001010101
000000000010101000000101
000000001000011101001100
111111111111110011000100
111111110101111111010000
000000000101101100011101
111111111100101101111010
111111111101111100101001
000000000101011001111100
111111111101111101011100
111111111111010011110001
000000000110000011001000
000000000001011000011010
111111111110010101110011
111111111011001100010010
000000000110010011101111
000000000001101001100110
111111111010001110111101
000000000000011100111101
000000001000000001111101
111111111110000001100111
111111111101110001111111
000000001000001011001110
111111110111111001000001
000000001001111100011101
111111111011011000111010
111111111101001011111100
000000000010100110011111
000000000010011001111110
000000000110100011010011
000000000100011000011000
000000000001000001110110
000000000010100000000001
111111111001100110110101
000000000010011001010010
000000000100011111100100
000000001000001010010110
000000000101000011110100
000000000110010101010101
000000000011001100100111
111111111001101100101101
000000000011110110100111
111111110110100001010001
000000001101010000011111
111111111100100010101101
000000000001110100110111
000000000110100011111101
111111110101010110001001
000000000010010000011000
000000000000000001101111
111111111000100100111111
111111111110010011111010
111111111011111110000111
111111111111011110101010
111111111111010011101000
000000000001001010000100
111111111001101110010100
000000000010100000011001
000000000000001011101110
111111111010101111100110
000000000010111010000101
111111111100101001100000
111111111101010011100010
111111110111011101010011
111111111110100110111010
000000000001011011101011
000000000000110100101000
000000000000100010110011
000000000000101010001000
111111111110010011111001
000000000001011010111000
111111111110000101101011
111111111111110001101100
111111110111000101001100
111111110111000001100000
000000000100000011111100
111111111110101011001011
111111111110101010101011
000000000000111010100110
111111111111000011100100
111111111110111000100100
111111111111000110100000
111111111000001110101001
000000000000000011011010
000000000101000000110000
111111111110110011110100
111111111001000011100011
000000000100101111011101
000000000111110110001000
111111111000110100001001
000000000011010110001000
111111111110101010001110
000000000010110010111010
111111111100110000010101
000000000010101000000000
111111111100100010110110
111111111010010111000110
111111111101001010010111
000000000101001000001001
111111110110001101110111
111111110110000001110101
111111111111111110010100
000000000010011101110011
000000000011001000010001
000000000001110010011111
000000000100000011010100
000000000011110111001000
000000000110010000100101
000000001010010101111111
000000000001010101000110
000000000110010000000100
000000000101000100000010
000000000001000101000010
111111111100110111100010
111111111100110101001010
000000000100111111110100
000000000001010000110010
000000000111111010001010
000000000101001011111110
000000000001101101100101
000000000010000110000111
000000000011110010101000
111111111111010111001001
111111111101100000110011
111111111101010111011101
111111111101101100110110
000000000110101011110111
111111110001011001000111
000000000101010000000001
111111111110011001111111
000000000001010100101111
000000000100011001101110
000000000101010011110111
000000000011010000010000
111111111111110100000101
111111111111110101000000
000000000000101100100011
000000000000001101011111
111111111111110110100000
000000001000100100100110
111111111011011111011000
111111111011001110111001
000000000001100100101111
000000000010011100110010
000000000010101111110100
111111111011011100001100
000000000010111111000011
000000000000101000110110
111111111001001101110011
111111111101000011110111
000000001100110010010000
111111111100110111010001
000000000001101101001001
111111111100001110101100
000000000100100100100111
111111110100001011011110
000000000100001101001011
111111111001100111010001
111111111111000100111101
111111111111001110001101
111111111101000010101001
111111111001110010010000
000000000100101110001111
000000000110101111011000
000000000011101001000111
111111111101110101000101
000000000111001111010011
111111110110001010001110
000000001000111001111010
000000001010100010011101
000000000010011001111111
000000000101010110000100
000000000100011011011100
111111111101110100100011
111111111111010000000100
000000000110101011000110
111111111110101010001011
111111110111001101010011
000000000011110111011110
111111111111000111011100
000000000010010010100111
000000000001101010001111
111111110111000000011100
000000000010101001000011
000000000010011111110100
000000000001010101010101
000000000000001011100101
000000000000111110100010
111111111000100010111010
000000000110110100000100
111111111100101100100011
000000000000001011000010
111111111101101110101011
000000000001010110100100
000000000000001101100010
111111111100010100100000
111111111011101001010110
111111111001001000010101
000000000010011100010011
111111111111100001100111
000000000101010011001110
111111110110000010010001
000000000001111000110110
000000000000110000011100
111111111100010010111111
111111111110100111110110
000000000100110101110010
000000000001111001010101
111111111110111100011111
111111111111111101110101
000000000100001100100110
000000000000101010000000
000000000011110101011001
000000001001000110011000
000000000101100101011001
000000000101001010011101
111111111100110100011111
000000000000101011000000
000000000000111000000001
111111111011111110011001
111111111011111110110101
111111110111100100101000
000000000001101110000111
111111111110011100001001
000000000111000000100001
000000000000111010010111
000000000100000110101100
000000000011000011011001
111111111111111010100101
000000000001000110111111
000000000100101010010111
000000001000000101011111
000000000000101011000011
111111111111011100011110
111111111100101110010100
000000000001010001010010
111111111010110010100101
111111111110011100001111
000000000010011000100111
000000000101111010001010
000000000001100100011111
000000000000011110110010
111111111100110001000111
000000000001100011111000
111111111100000110000100
111111111101001101010111
111111111010011011010111
000000000000110110101011
111111111011111111100100
111111110110001000001100
000000000000101111001010
000000000000001101000001
000000000011010111111000
111111111101111000110110
000000000001100100111100
000000000110001101111010
111111111110101100100101
111111111110011100101010
000000000010001000101011
111111111011110110001000
000000000100001000001000
000000000001001000000101
000000000011101000110111
000000000001000011001110
111111111111100110100001
000000000000101010101111
111111111111110101000000
000000000000110001010110
000000000001110100110001
000000000110010101100001
000000000011011011001100
000000000110011111010111
111111110111111010111110
111111111100010111111010
111111111110110100001111
000000000011000001011111
111111110101110011010000
000000000010111000010110
000000000000100001011000
000000000100011101010100
000000000001000010101110
000000000000110010101011
111111111111110100101010
111111111100100001011000
111111111110100111101111
000000000101111101010000
111111111100000111010101
000000000100111010000000
111111111100100100001000
000000000011001101011110
000000000011111110100101
000000000100011110000000
000000000010110110011001
000000000010011000100000
111111110110111011011111
000000000010101101010100
000000000000000111101110
111111111011100110101111
111111111101001111011001
000000000000001100111011
000000000100100110110001
111111111011110000000010
000000000000010100011111
000000000000111101000011
000000000100011101100110
111111111010110111110010
000000000100100111001000
111111111110111001111011
111111110001010001101110
111111111000111110111110
111111111011001010110011
111111111110001101010111
111111111100110101110100
000000000010011100010010
111111111111100100000001
111111111110100010100110
111111111000000010001011
111111111100001000111011
000000000100011001000111
111111111111001100010110
111111111101000000111100
111111111110100011110110
111111111111001010000011
111111111000100011010001
111111111101001010111111
000000000110001011010110
000000000001110011001010
111111111001100001101110
000000000010111110100101
000000000011010111100101
111111111110000001110101
000000000110101011110101
000000001010101110100010
111111111101100001000111
000000000101001110110001
000000000011000011101001
000000000001110101000111
111111111111100101010001
111111111000101111101110
111111111010010111001100
000000000001001110111000
000000000000100110011000
000000000010100100000011
111111111110010010000011
000000000010001001001100
000000000010111101110100
111111111000110010010100
000000001010100000101001
111111111011110010100001
000000000101111111111110
000000000011110110100101
000000000010101010111001
000000000011111010110101
000000001010101000000010
000000000101001010001010
111111111100111101001101
111111111010101110110011
111111111101110001010110
000000000000001001010010
000000001000010101100111
111111111011100001001010
111111111110000110011100
111111111100010101010100
111111111000001101011110
111111111001110110111110
000000000100111000111101
111111111100000010111100
111111111111000100111010
000000000011011011111001
000000000011001001000010
111111111111000101111101
111111111001100101111111
000000000111100010010000
111111111110100111000000
111111111111010011001011
111111111001100010000010
111111111011100101101110
000000000010000011110101
000000000000011010111100
000000000010110101101011
111111111011010001101111
000000000101010101010100
111111111110010000000011
000000000010100000000010
000000000011100001010111
000000000100111011110100
111111111101010001111110
111111111011110001010011
000000001001011100111100
000000000011100000100100
000000000010101101101000
111111111001100101011100
000000000010111010010100
000000000110011011010000
111111111001000001011011
111111111101001001000001
000000000001110101001000
000000000101110111011011
000000000011010110100000
000000001001101010101101
000000000100101011110101
000000000000100011001010
111111111010001101011110
000000000000110010001111
000000000010001010110111
000000000001010110101101
111111111010011111011100
111111111110101000001101
111111111101100100101000
111111111110010000100100
000000000011101001101101
111111111101110100110111
000000000010111111011001
111111111111010001011011
000000000111011011100111
000000000101000111001000
000000000101100101101001
111111111101010011011011
000000001000100011100011
000000000101001100110110
000000000001000000001000
000000000110010110010110
000000000100111001111110
000000000110001001010000
000000000111000001111000
111111111100101110001100
000000000111001110100100
111111111110011110000101
111111111111100110110101
111111111010101010010110
000000000010010110011101
000000000011011011001001
000000000011000101001001
111111111111110110111111
111111110110110100011110
000000000010011110101011
111111111000111101010001
000000000011011010000010
111111111101000011010101
000000000000010001101000
111111111111111011110101
000000000000100111101100
111111111101001000010111
000000000001100010101101
111111111110100111010110
111111110101000110001111
111111110111011011010100
111111111100001000011101
111111111111001111001011
111111111011001110100011
111111111110100110001110
000000000000011110001111
000000000010100100100101
000000000011011000100001
000000000010101010001010
111111110111111000011110
000000001001101011111001
000000000011001010101101
000000000110011110000010
111111111111001101111011
000000000110100010010110
000000000000100101010000
111111111101111001010010
111111111101011000010110
111111111100100001001001
111111111100110111000110
000000001000010101000110
000000000000010000000110
000000000000010100110001
000000000111111001101001
111111111010000111110010
111111111111011001100000
111111111101010101111011
000000000001010101101011
111111111101000101100000
111111110111110100001011
111111111101110111010001
000000000101001101110110
000000000100010011011101
111111111110100110011001
000000000001001001100001
111111111101001101110110
111111111110001011111000
000000000001011011010010
111111111101100110100100
000000000001100011000110
000000000011110111011001
111111111111100111011000
000000000000111000010001
000000000111101100110000
111111111111110100111110
000000000011011110011100
000000000000010101010111
000000000110011101000011
111111111110001011011011
111111111101100111011110
000000000001100101110010
000000000000010010101100
111111110110001111100101
000000000000001101110011
111111111101100010110100
000000000110110111010100
000000000000010010100100
000000000001010000111111
000000000111011100000110
000000000011010101111110
111111111010111111110110
111111111101011011110010
000000000000010001110000
111111111111111110011010
111111111111110100101001
000000000000000011000111
000000000000000000010111
000000000000000010101010
000000000000010100000001
111111111111111010010101
111111111111101011101101
000000000000010100011001
000000000000000011111010
111111111111110011110011
111111111111111001100001
111111111111110100000111
000000000000001000110111
000000000000001001101000
000000000000000000011010
000000000000010110111110
111111111111110011110110
111111111111111001001000
111111111111110111100000
111111111111110010011101
000000000000011000011101
000000000000001000111100
111111111111111011000101
000000000000000110001000
000000000000001001010101
111111111111111000111101
000000000000000001010001
000000000000001001000010
111111111111110101110000
000000000000001010111010
000000000000000010101101
111111111111111100000011
000000000000000101100001
000000000000010101010100
000000000000010000101100
000000000000001000110010
000000000000000011100100
000000000000001011010001
000000000000000001000101
000000000000001100111111
111111111111111000001011
111111111111111010011100
000000000000001110010000
000000000000010100101111
000000000000000100010110
000000000000000010110001
111111111111110010010100
000000000000000111000101
000000000000010010010110
000000000000001010110011
111111111111111011011110
111111111111110001001101
000000000000000100001010
000000000000001100001010
000000000000000011010111
000000000000001101100000
000000000000000110100011
000000000000000110011110
000000000000001101001011
000000000000001010010010
000000000000001101011010
111111111111110110100000
000000000000010001001101
000000000000001100011000
000000000000001110110100
000000000000010001100010
000000000000000001000101
111111111111111001100010
000000000000001011101100
111111111111100010101111
000000000000010000001101
000000000000001000110110
000000000000000101010010
111111111111111110001000
000000000000000000011100
111111111111110001011101
000000000000010111000101
000000000000000000011110
111111111111101100010111
111111111111110110100011
111111111111111110011100
000000000000001111001101
000000000000000010011010
000000000000000100000010
000000000000001100011110
111111111111111001110110
000000000000001011000010
000000000000001011101001
111111111111111110010001
000000000000001000011010
111111111111111010000111
111111111111111011011010
000000000000000111100100
111111111111111100110110
000000000000001000100011
000000000000001000101000
111111111111111011110111
111111111111110000010001
111111111111111010010111
111111111111110011010001
111111111111111100000110
000000000000000100000000
000000000000000110000000
000000000000000110010001
111111111111110011011101
000000000000000100001001
111111111111111010111000
111111111111111101001110
000000000000000010001011
000000000000010011110010
000000000000001100000110
000000000000000011110001
111111111111110100101110
111111111111111111010010
111111111111110010010110
111111111111110000001000
111111111111111101101001
000000000000001011010100
111111111111111011111100
111111111111111100100101
111111111111111100001010
000000000000000100111111
111111111111101001101010
111111111111111100010111
000000000000001101110111
000000000000000101110101
000000000000001011000110
111111111111111011111101
111111111111111100101100
111111111111111100101110
111111111111110001011100
000000000000010000101111
111111111111110111001101
111111111111110111000110
000000000000001011101111
111111111111111000000010
111111111111101001001101
111111111111111111010010
000000000000001010000110
111111111111111010010111
000000000000000010111110
000000000000001101011101
111111111111101110111110
111111111111101111011101
000000000000110110000111
000000000000000100001100
111111111111111001010110
000000000000000110101000
000000000000011100111001
000000000000000111011101
000000000000010100000011
111111111111110111101000
000000000000000100001000
111111111111110011111111
111111111111110010001110
000000000000001010100100
000000000000000001111111
111111111111110100010100
111111111111111011010101
000000000000010110100101
111111111111100001001010
111111111111110011101010
000000000000000011100010
000000000000000111100000
000000000000000100001000
000000000000000110011001
000000000000010101000100
111111111111110100001001
000000000000011010010010
111111111111100101000111
111111111111110100101110
111111111111111011100110
111111111111111111101101
000000000000010010010000
000000000000000011101110
111111111111110101111010
111111111111110111100011
000000000000000011100011
111111111111110100010110
000000000000000111011110
000000000000001100001001
000000000000100110101101
111111111111110110010001
111111111111111001100110
000000000000001101100010
000000000000000000010000
000000000000010010101100
111111111111100110000100
111111111111101011100010
000000000000001100010000
000000000000010000001101
111111111111110010011011
000000000000001010000011
111111111111100100011100
000000000000000000011011
000000000000001111110001
000000000000010000111111
000000000000001011101000
111111111111111001010001
000000000000000000111001
111111111111111100000001
111111111111100110111110
111111111111110100101011
000000000000010010000000
000000000000001101010000
000000000000001001000000
000000000000010011111110
000000000000001010101001
000000000000001101011111
000000000000010001111000
000000000000010001011110
000000000000010000010011
000000000000000011100011
000000000000001111110101
111111111111111101101110
000000000000000001101111
000000000000001001110110
000000000000001010111110
111111111111111101011111
000000000000000000010110
000000000000010011111111
111111111111101101100111
000000000000000110101100
000000000000110111110100
111111111111111110010111
111111111111111110101011
111111111111110101011100
000000000000000000001010
000000000000000101100000
111111111111110111101000
111111111111101111001101
000000000000000001101010
111111111111110110101111
000000000000000101111000
000000000000001011010000
000000000000000110110011
000000000000001100010101
111111111111111010001011
111111111111110101011101
000000000000000001100011
000000000000010001110111
000000000000001101000011
000000000000000110110111
111111111111101101111000
000000000000000100011111
111111111111111101111101
111111111111101111001111
111111111111101010110010
111111111111100110100001
111111111111100010100101
000000000000000100011000
000000000000000000100010
111111111111111111100100
111111111111111101110100
111111111111111001010001
111111111111111011011001
000000000000001011001101
000000000000010001000011
000000000000010100000001
111111111111111001111000
111111111111110110000001
111111111111111100010000
000000000000000101110110
000000000000001010100000
000000000000000011101010
111111111111111001010110
111111111111111110101010
000000000000000100011100
111111111111111010111011
111111111111111110111001
111111111111110001110100
000000000000000100011110
000000000000010000011000
111111111111101111011001
111111111111101011111100
111111111111011111000101
111111111111110101011111
000000000000001001110010
000000000000000101010011
000000000000001000111100
000000000000000101110000
000000000000001001100100
000000000000010111100000
000000000000001001000000
000000000000001000111101
111111111111111111010110
000000000000000000000000
000000000000000000000000
000000000000000000000000
000000000000000000000000
000000000000000000000000
000000000000000000000000
000000000000000000000000
000000000000000000000000
000000000000000000000000
000000000000000000000000
000000000000000000000000
000000000000000000000000
000000000000000000000000
000000000000000000000000
000000000000000000000000
000000000000000000000000
000000000000000000000000
000000000000000000000000
000000000000000000000000
000000000000000000000000
000000000000000000000000
000000000000000000000000
000000000000000000000000
000000000000000000000000
000000000000000000000000
000000000000000000000000
000000000000000000000000
000000000000000000000000
000000000000000000000000
000000000000000000000000
000000000000000000000000
000000000000000000000000
000000000000000000000000
000000000000000000000000
000000000000000000000000
000000000000000000000000
000000000000000000000000
000000000000000000000000
000000000000000000000000
000000000000000000000000
000000000000000000000000
000000000000000000000000
000000000000000000000000
000000000000000000000000
000000000000000000000000
000000000000000000000000
000000000000000000000000
000000000000000000000000
000000000000000000000000
000000000000000000000000
000000000000000000000000
000000000000000000000000
000000000000000000000000
000000000000000000000000
000000000000000000000000
000000000000000000000000
000000000000000000000000
000000000000000000000000
000000000000000000000000
000000000000000000000000
000000000000000000000000
000000000000000000000000
000000000000000000000000
000000000000000000000000
000000000000000000000000
000000000000000000000000
000000000000000000000000
000000000000000000000000
000000000000000000000000
000000000000000000000000
000000000000000000000000
000000000000000000000000
000000000000000000000000
000000000000000000000000
000000000000000000000000
000000000000000000000000
000000000000000000000000
000000000000000000000000
000000000000000000000000
000000000000000000000000
000000000000000000000000
000000000000000000000000
000000000000000000000000
000000000000000000000000
000000000000000000000000
000000000000000000000000
000000000000000000000000
000000000000000000000000
000000000000000000000000
000000000000000000000000
000000000000000000000000
000000000000000000000000
000000000000000000000000
000000000000000000000000
000000000000000000000000
000000000000000000000000
000000000000000000000000
000000000000000000000000
000000000000000000000000
000000000000000000000000
000000000000000000000000
000000000000000000000000
000000000000000000000000
000000000000000000000000
000000000000000000000000
000000000000000000000000
000000000000000000000000
000000000000000000000000
000000000000000000000000
000000000000000000000000
000000000000000000000000
000000000000000000000000
000000000000000000000000
000000000000000000000000
000000000000000000000000
000000000000000000000000
000000000000000000000000
000000000000000000000000
000000000000000000000000
000000000000000000000000
000000000000000000000000
000000000000000000000000
000000000000000000000000
000000000000000000000000
000000000000000000000000
000000000000000000000000
000000000000000000000000
000000000000000000000000
000000000000000000000000
000000000000000000000000
000000000000000000000000
000000000000000000000000
000000000000000000000000
000000000000000000000000
000000000000000000000000
000000000000000000000000
000000000000000000000000
000000000000000000000000
000000000000000000000000
000000000000000000000000
000000000000000000000000
000000000000000000000000
000000000000000000000000
000000000000000000000000
000000000000000000000000
000000000000000000000000
000000000000000000000000
000000000000000000000000
000000000000000000000000
000000000000000000000000
000000000000000000000000
000000000000000000000000
000000000000000000000000
000000000000000000000000
000000000000000000000000
000000000000000000000000
000000000000000000000000
000000000000000000000000
000000000000000000000000
000000000000000000000000
000000000000000000000000
000000000000000000000000
000000000000000000000000
000000000000000000000000
000000000000000000000000
000000000000000000000000
000000000000000000000000
000000000000000000000000
000000000000000000000000
000000000000000000000000
000000000000000000000000
000000000000000000000000
000000000000000000000000
000000000000000000000000
000000000000000000000000
000000000000000000000000
000000000000000000000000
000000000000000000000000
000000000000000000000000
000000000000000000000000
000000000000000000000000
000000000000000000000000
000000000000000000000000
000000000000000000000000
000000000000000000000000
000000000000000000000000
000000000000000000000000
000000000000000000000000
000000000000000000000000
000000000000000000000000
000000000000000000000000
000000000000000000000000
