111111111011000000010011
000000000110110000011000
111111111111110011010100
111111111011101101011101
000000000010101010111001
000000000101111100101010
000000001010001010001101
111111111011100101111110
111111111010010011101010
111111111110001011000100
111111111110010011001101
111111111010111010110010
000000000111001000011111
111111110100001101110110
111111111100101110001010
000000000101000110100000
111111111111100001001101
111111111101101011100110
000000000000001100101111
111111111000110111001101
000000000110110000010111
111111111100000111101101
111111111110000110001010
111111111101011011001010
000000000011010000010101
111111111111101011101001
111111111100010001111110
111111110100110110111110
111111111101011110101100
111111110110100101001011
000000001001110011111111
111111101111101011111001
000000001000110101001000
111111101001110101100001
000000010110001110011101
000000000111010111001001
000000000101001110000101
111111111110101001011110
000000000100011101110000
111111110110010010111000
111111111111100011101001
000000000101011010010111
111111111110111010011101
111111111111101110010000
111111110110110010110110
000000000001111100100000
111111111111110010100011
111111110011000000111100
000000000100010100101000
111111111101110100011011
111111111111010010111111
000000000110010100001010
111111111101110110000101
000000000101001000101111
000000000011110001100011
000000000001110111110111
000000000011000101100110
111111111100000000011101
111111110111011100100010
000000000001111001101100
111111111000000010100100
111111111100100000101110
000000000000111110110001
111111111100111111000111
000000000101100000100100
000000000101011011110000
111111111100111110011110
000000001010000001000000
000000000100100011100101
111111111111011110110011
111111111100011010000101
000000000001011000001011
111111111100100000000100
000000000101000100101101
000000000000001111110110
111111111111101010101011
111111111110100100010100
000000000110111110101001
111111110111010000101111
000000000001001110100000
111111111101110000000001
111111110111010010000100
111111111001000100000001
111111111111100000100111
111111111000110110111100
000000000011000011011011
000000000011011100111011
000000000100010100001111
000000000000100001100111
111111111001110111000111
000000001000011110110011
000000000101001110010011
000000000101011010101001
000000000010101011111001
000000000110001111000000
111111111101001011010111
111111111111001011010010
000000000101101100111111
000000000111100111010111
000000000010010000101001
000000000110000001101011
111111111101101110111101
000000000010001101111010
111111111100101111001101
111111110111011101010101
000000000010010101101111
000000000000000011111101
111111111110000011011100
000000000010111000000111
111111111011011011101010
000000000001110101101000
000000000100110010000101
000000000100010110110111
000000000000110001101010
000000000001110110011101
000000000011111111000001
111111111100000111100011
111111111000001111001111
111111111011001000101100
000000001001110011001001
000000000000100110101011
111111111101010111101011
111111110111100000010110
111111110101101001000111
000000000100011010111111
111111111011110101001010
111111111011010001111010
111111111011111101000010
111111111011111001010101
000000000010111100010111
111111111110100000000111
111111111111000010110001
000000000000111001010110
000000000000000011100000
111111111011100000111001
000000001000101001001000
000000000011011010011011
111111111001000111011100
000000000010111011101100
111111111111110100111010
000000000000010100011010
111111111110000110000110
000000001010010111100100
111111111110110101100111
111111111011111100110111
111111111101101001111101
000000000111011111000010
111111111100001111101001
111111111111111100111110
111111111111100011010111
000000000011010100000010
111111111100111000010001
000000000000100000010001
000000000011011010100011
111111111010111101001101
000000000010101111010010
111111110110011111100001
111111111110111010101000
111111110111111100110001
111111111110001101101010
000000000010000010011101
000000000000011000111010
111111111001110010100000
000000000001110010010001
111111111101110011010001
111111111111100110001111
000000000001000011000000
111111111000100001111101
111111111111110111011100
000000000110001111111111
000000001000001010110010
111111111011010000110101
000000000011011100100001
000000000100110010000001
111111111010000010000100
111111111101111000010101
111111111101010001100000
111111111100010010110000
000000000110110001110000
000000000100100011010111
000000000001001001100100
000000000110111001000010
000000000111000111000011
111111111110010000011110
000000000001001001011110
111111111100000000010111
111111111011110011100100
111111110110100101010000
000000000110110110010111
111111111101111110101001
111111110101011110100111
000000000100111000000010
000000000000100011100101
111111111101001111100011
000000000010001110001110
000000000011111100101110
000000000000001010111111
000000000011101001001111
000000000001011100100100
000000000000110111101011
111111110110110000100001
111111111111001011100101
000000000000000011111110
111111111101001001101110
111111111111111011111101
111111111011100011010000
000000001000111101111111
111111111111111100001010
000000000101101011111101
000000001000101010111101
111111111101000101010100
000000000100011100110000
000000000011001010100001
111111111101100000001001
000000000011111000001011
000000000001011101000001
000000000001101110100001
000000000101010100101110
111111111111101101001100
000000000111000100100100
000000000110001001010101
000000000110011011100101
111111111100110011100010
111111111100110001010110
000000000111100101111101
000000000001000101000010
000000000011001000110111
111111110010111011110110
000000000010111100001000
111111111011001000001011
000000000000010011100101
111111111111100010101101
111111111101001011100100
111111111101101101001110
000000000110100001101101
000000000100000111100010
000000000000001110000011
000000000001000010011110
111111111110110001001001
111111111110010111001000
111111111101111011100000
111111111101000011000100
111111111101111111000101
111111111100001000111010
111111111110111000101010
111111110001010001111000
111111111100110111010110
000000000001111111011001
000000000000010000111100
000000000111110001000001
111111111001010011111110
000000000110000101000111
111111110011101000110100
000000000101011111011111
000000000010001000010110
111111110111011011001111
000000000100010010001000
111111111110001101001100
000000000000000001011110
111111111110110011011101
000000000011010111111110
000000000101101101101010
111111111001101110011001
000000000101011000101001
000000000000100101000000
111111111101001111011101
000000000100000011110001
000000000011001001001111
111111111101110001100010
000000000010001000011111
000000000001110100111011
111111111000110011110001
000000000001000011010011
111111110111011010001000
000000000101110010001100
111111111111100100101101
111111111010101111100000
111111111111111000100000
000000000010001110011100
111111111101111111110111
111111111111100101000011
111111111001101010011001
111111111110110000111100
000000000101000011100101
000000001010001001001100
111111111100011010001111
000000000001010011111011
111111111110010000000000
111111111110110011010101
111111111110001011110000
111111111101001000011111
111111111010011110100110
000000000011010001100001
111111111111000110101101
000000000110001111010110
000000000000101111101001
000000000010111000010110
000000001000111010110010
111111111101111000110001
111111111010010000010000
000000001001101000100110
111111111101111011011010
111111111101100100111011
111111110101110101000100
000000000011101110100101
000000000011101100101111
111111111110011111100110
000000000000011101000000
000000000101000111001010
000000000100111100000110
111111111100111011100011
000000001001011001000110
111111111110000001000101
111111111110001110011110
111111111101101101100111
111111111101000100101110
000000000001111110101110
000000000010110101110100
111111111111001010001001
111111111101000101111110
000000000011101011011011
000000000100001010101001
000000000001101101100001
000000000100011110111001
111111111001100001100000
000000001011001101101100
000000000010101001011101
111111111000010110011110
000000000010110110010111
111111111110100101010101
000000000001010110010010
000000000100110101110110
000000000100011101010001
000000000000100111010111
000000000000010001000111
000000000111000010110110
000000000101011011101000
000000000010001001101001
111111111111110101011101
111111111110010100011110
111111110111111010011000
000000000000101100110011
000000000010100101101001
000000000000111111001011
000000000010011110111000
111111111110110101010100
000000000000101001111011
111111111110011111010111
111111111101100101100000
111111111101011001001110
000000000001001101101100
111111111100101001010010
000000000010001110111010
000000000001000101001100
000000000010110111010111
111111111010111011110011
111111111110101100111000
111111111111101101011111
111111111100011100001001
000000000010110111000001
000000000010101100111011
111111111101111100011111
111111111100101000110001
000000000111011000101111
111111110110000110001111
111111111010010111011110
000000000000100001110110
000000000101001010011100
000000000001011010001101
000000000100011101101101
111111111111100001111100
111111111010010000000011
000000000000011011001101
111111111100111101011101
111111111100100101010101
000000000010110100100100
111111111111011000010111
000000000000001100101100
000000000000110110001010
111111111111110001000111
111111111110100111110111
000000000001000001010101
000000000000011111001111
000000000011000110011001
000000000001000010100111
000000000001101011000100
000000000001101000111110
000000000001111010101001
000000000111001111111011
111111111011111010011011
111111111011111010111101
000000000110011000000100
000000000010101011001100
000000000100001001110110
000000000001110000110001
000000000111100100010010
111111111100110010010100
000000000000001010000110
000000000001111000010111
111111110101001001000011
111111111110000000011100
111111111110101101000101
000000000000110111110000
000000000011011000100001
000000000011001100111100
000000000010010100110001
111111111010100011001010
111111111110110011100101
000000000100010010011011
111111111001100111000010
000000000000001011110010
111111111101111001101111
000000000000101011100011
000000000011100101010110
000000000101111111100010
111111111110101110011110
000000000011011000100011
111111111111101001000010
000000000001111000011011
111111111110000110000111
000000000010011110100010
111111111111110101110001
111111111001111000110010
111111111111100000001100
000000000101000110000011
111111111011001101011111
111111111100101000110111
000000000000110000010000
000000000100101100110110
000000000001011011001111
111111111011000010101110
111111111110000001010000
111111111111010011010110
000000000010111110111111
000000000001101110010000
000000000100101011110001
111111111111110010010110
000000000010100011111111
111111111111101011111010
111111111100100111011010
000000000010110110111110
000000000000011110011100
000000000100111100110111
000000000010000101100111
000000000101110100000111
000000000000101010001010
000000000000000000001111
000000000100010101011001
111111111100101010110001
111111111100111101010101
111111111111101111011010
000000000110011101010001
000000000010000100001100
111111111101110111011001
000000000100001101011101
000000000010010100010001
000000000101001111010100
000000000001010101011011
000000000001100101011110
000000000101011100111011
000000000011010000110100
000000000001101011010110
000000000000110110000001
000000000010000110001000
111111111100111100101000
000000000100001101011010
000000000010101000110001
111111111100010000100001
000000000101010001000000
000000000001101011011001
000000000011010111010101
000000000010100010111010
000000000001000011001111
111111111100000011001001
000000001000000011001001
111111111110100101010000
000000000010100010000000
000000000000010010000110
111111111111111010001000
000000000000010001100111
111111111100101100011100
000000000000000001111110
111111111111000010000111
000000000001111100111111
111111111111101000100011
000000000000001001100011
111111111110011011001111
000000000100101101110100
000000000111001100010010
111111111001101001111000
000000000010010111100111
000000000100111000101101
000000000100011001011110
111111111111110010100001
111111111010010100101110
111111111101111100011100
000000000110101011111100
111111111100110010110111
111111111010011000101111
111111111101110100101100
000000001000011000111100
000000000001101010101010
000000000101001100101111
111111111110010111111010
000000000111011011111111
111111111111001001101001
111111111100011111101110
111111111110000101100000
111111111101100111110011
111111111011010100010011
000000000100010111100110
111111111110000011100000
000000000001100010111001
111111111111111001110101
000000000000111110100110
000000000000101101100100
000000000001001001011110
111111111110000111000111
000000001000100000011100
000000000110010111001101
000000000010011111011010
111111110111010011100111
000000000000110000110000
000000000110001000010010
000000000000001101010101
000000000101101001100111
000000000100100001110010
000000000100110110100100
000000000111011000110101
000000000101011000111010
111111111111101011001100
111111111101010111100111
111111110110111110010000
000000000111101001000111
111111111101110110111101
000000000011000100011110
000000000110111010111101
111111111010110110010011
111111111101110101000100
000000000011111111011010
000000000011000010111111
000000000010101111011010
000000000001000000101111
000000000100000011010110
111111111101110000111101
111111111111011001000110
111111111111010010100110
111111111110000101110000
000000000011010101011010
111111111011101110010001
000000000111101010000000
111111111110100110011000
000000000011001011101111
111111111011111100110000
000000000001010010000001
000000000101110011000001
111111111011011001011010
111111111001110111010110
111111111001010010100010
000000000000000011010010
000000000000010101000100
000000000001010110100100
000000000010101100110110
000000000110110001110010
000000000001111111011000
000000000100110100100000
000000000101000111001010
111111111011010010010110
000000000101101010011000
000000001001110111011000
111111111110110110011001
000000000010000011000010
111111111100011010100011
000000000110110100000001
111111111111101010010000
000000000001011000100001
000000000001101010111011
111111111111011011000010
111111111111010000001101
000000000000001110110001
111111111100111011000000
111111111111111010010101
111111111101100110110001
111111111100010010101111
000000000010000011110110
000000000101101101000011
000000000001110111101111
111111111001101110011101
000000000100111100001101
111111111011000001011000
111111111100001010000111
000000000010111100010010
000000000001101110111111
000000000000010000001100
000000000100100001010010
000000000001001011100110
111111111111010111100111
000000000010101110111000
111111111110010111011011
111111111101110000000011
000000000010000011010001
111111111110100000000000
111111111110011000000011
000000000001100001010011
000000000000001100101101
000000000001000100100001
000000000000110011100000
111111111101111100101110
000000000010011010111000
000000000100000001001100
000000000111111000100010
000000000000110111011001
000000000000000100101100
111111111111100101111111
111111111111100111011000
111111111111111000100101
111111111111111100101001
000000000000010110010001
111111111111111111101111
000000000000001001010100
000000000000000101100111
000000000000000001100000
111111111111110111111011
111111111111101001010011
000000000000001000100100
000000000000000011001010
000000000000010111011001
000000000000000101011011
111111111111110101100111
000000000000010101010001
111111111111101010010001
000000000000001011100111
111111111111100101110100
111111111111111000111010
000000000000001000001101
000000000000001000000101
111111111111111110001001
111111111111111110111010
000000000000001010111110
111111111111101100100001
111111111111111101111001
000000000000000011111111
111111111111110010000110
111111111111111001000111
000000000000001100000011
111111111111111001000000
000000000000011110110110
000000000000100110000101
000000000000001111011001
000000000000000000111111
111111111111111101111101
000000000000001001000101
111111111111110011111010
000000000000000110101100
111111111111111000111100
111111111111101011110001
111111111111110111100110
000000000000000000101111
000000000000000101010101
111111111111101011100110
111111111111110011001110
111111111111101011110001
000000000000000001000101
000000000000000000101000
000000000000001010001011
000000000000010110010111
111111111111111110000001
000000000000000101110111
000000000000000110000100
111111111111101101101011
111111111111101110000000
111111111111101101111001
000000000000000101010100
000000000000001110110010
000000000000010001010110
111111111111110101100101
111111111111111010011110
111111111111111000010000
111111111111111111010111
111111111111111011110011
111111111111111000100111
111111111111111101110010
000000000000001110011011
111111111111111100000010
000000000000000010100111
000000000000001011010101
000000000000010111100100
111111111111110101100111
111111111111111011100010
111111111111101110010000
111111111111100111110111
000000000000000000010000
111111111111111001001101
111111111111110011101010
111111111111101100010011
000000000000001100010110
000000000000000001011101
111111111111111101011100
000000000000001111000011
111111111111111111011000
111111111111110100011011
000000000000000100011000
111111111111110100101101
111111111111110010101010
000000000000000101011111
111111111111111111000100
111111111111101101110100
111111111111110001101001
000000000000000100001001
000000000000000000011000
111111111111111100110010
111111111111111010000111
111111111111111001111111
111111111111111011101110
111111111111111000001110
111111111111111011010001
111111111111111111000111
000000000000000011111110
111111111111111011110001
111111111111111110100101
000000000000000010101010
111111111111101111110001
111111111111101111100001
000000000000000010100000
111111111111101101010000
111111111111101000111101
111111111111101111100010
111111111111111110110001
111111111111111011111110
000000000000000000001010
111111111111110011100010
111111111111111000010011
000000000000000100001110
111111111111111110100101
000000000000000011111110
000000000000001100101111
111111111111111001100010
111111111111101000111111
000000000000011001011000
000000000000000101010111
000000000000001011010101
111111111111111001011100
000000000000000001010111
111111111111111001000101
111111111111111011100001
000000000000001100011010
111111111111111101011011
111111111111110011110101
000000000000000011010101
111111111111111000101110
111111111111100111010100
111111111111111001010001
000000000000001101111011
000000000000000000001100
111111111111111101110111
000000000000000110001010
000000000000001111011101
111111111111101110111000
000000000001011001010011
111111111111110111010000
111111111111110100011111
000000000000001101101101
000000000000011111110000
111111111111111111100101
111111111111111001011111
000000000000000100110100
111111111111111101100100
000000000000010010001100
111111111111110000111110
000000000000000110001001
111111111111110111111101
111111111111111111111100
111111111111111001011001
000000000000001111011111
111111111111101010101101
111111111111111010101001
000000000000000110100101
000000000000001100010010
000000000000000000011111
000000000000000011000100
111111111111011010100100
111111111111110100100000
000000000000001010101000
000000000000000001001010
111111111111111000110000
111111111111111011101111
111111111111111110110111
111111111111111101100110
111111111111110010001100
111111111111111001001100
111111111111111101011001
111111111111111111000000
111111111111111100111011
000000000000001001101110
000000000000010010001101
000000000000001001001101
000000000000000110101011
000000000000011011001101
000000000000010101010110
111111111111111010110000
000000000000000000101110
111111111111110001001110
111111111111101000010000
111111111111111010001011
000000000000000000011101
111111111111110111101110
111111111111110011010010
111111111111101100110011
000000000000000100000101
000000000000000100101100
111111111111111011111010
111111111111111111011100
111111111111111111010010
111111111111110000000101
111111111111100110110111
111111111111100010001100
000000000000000001111101
111111111111111111100001
000000000000000011110101
000000000000001100100101
000000000000010010110100
000000000000001111010110
111111111111110110100001
000000000000001010100001
000000000000010110010001
000000000000000000001011
000000000000000110010100
000000000000001111110000
111111111111111111101101
111111111111111000000110
111111111111110110111011
000000000000000001010011
000000000000001010111101
000000000000000010111110
000000000000001100001111
000000000000000001001111
111111111111110110010011
000000000000010001011011
000000000000010100000001
111111111111100100111011
000000000000010111001111
111111111111111000100110
111111111111110110111110
111111111111101000001111
111111111111110110101110
111111111111110010000011
111111111111110111010010
111111111111110110001010
000000000000010101000110
000000000000000011000110
111111111111110001111011
000000000000000000101111
000000000000001101111001
000000000000000111111001
000000000000001011000110
111111111111111011101111
000000000000000011010001
111111111111111010001100
111111111111111110001101
111111111111110101100001
111111111111110100110011
111111111111111010010001
111111111111101101101000
111111111111100001110100
111111111111111110011110
111111111111110011110110
000000000000001010101101
111111111111111001001101
111111111111110100111000
111111111111111110111000
000000000000000010110010
000000000000011000101011
000000000000010011101011
000000000000001100110101
111111111111110100100101
111111111111110100011011
111111111111111100110100
000000000000000110000110
111111111111111110000001
111111111111111100110111
000000000000000010000001
111111111111111111010011
000000000000000011101001
111111111111111101100010
111111111111110110010101
000000000000001000001100
111111111111101100101010
111111111111111110011101
111111111111111100011100
111111111111110110000000
111111111111110011001101
000000000000010100101101
000000000000001010100001
000000000000011000101111
111111111111101100111011
111111111111110001000001
111111111111111100100010
111111111111110101110111
111111111111110110011100
111111111111101010101000
111111111111011101010011
111111111111111111101101
111111111111000111110110
111111111111100000111001
111111111111100101010111
000000000001010011000111
111111111111101001000010
111111111111110101101110
111111111111111011110110
000000000000001000001111
111111111111110100001100
000000000001001010001001
111111111111111001000100
000000000000000001010110
111111111111111101011001
111111111111110011011010
111111111111111010010111
111111111111111101001001
111111111111111100110010
111111111111111000111010
111111111111111100101010
111111111111111100110011
111111111111111110011111
111111111111110110010110
111111111111111010110010
111111111111111000110000
000000000000000101110000
111111111111111011111111
111111111111111101010011
111111111111111100010110
111111111111110000110111
111111111111110001000111
000000000000000000111100
000000000000000010011010
111111111111111101111100
000000000000000111011010
000000000000001000001101
000000000000010000110011
111111111111111011110000
111111111111100111101010
000000000001011001101100
000000000011010111110000
000000000010010010001011
000000000000111000100011
000000000011011000000011
000000000100001110000100
000000000011110011000111
000000000000011100000011
111111111111111011101000
000000000000000000010101
000000000000000101111111
000000000000000111100010
000000000000000000100011
111111111111111011100011
000000000000000100001111
000000000000000111100110
111111111111111101100011
000000000000000100110100
111111111111111101111110
000000000000001000100110
111111111111101111101010
000000000000000010010101
111111111111110011111000
000000000001100110110010
111111111111111011100101
000000000000010010100011
000000000000000000000010
000000000011010111011110
111111111111110100101100
111111111111110010011100
000000000000011011110010
000000000000011001110110
000000000001011110000010
111111111111101000101101
111111111111110000110101
111111111111011110010000
000000000001100010000101
000000000000001001010010
111111111111101111010100
000000000001110011101001
000000000001110101111001
000000000100111001110111
000000000100011000010110
000000000100010100000100
111111111111111111000000
111111111111111000000111
000000000000000001010011
111111111111111000111000
111111111111110101010010
111111111111110110101111
111111111111110101110000
111111111111110100110110
111111111111110001111111
111111111111110100101110
111111111111101101000111
111111111111110010001010
111111111111010010011010
111111111111000010000010
000000000000000111111101
000000000001110010110110
000000000000000010010001
111111111111011110110110
111111111111111110001001
111111111111101000011111
000000000000010011110010
000000000000010001001101
111111111111101010101010
111111111111111100110100
111111111111110110100000
111111111111111010110110
000000000000000001001110
111111111111101111111111
000000000000000010010111
111111111111111001000110
000000000000000010000101
111111111111111101001001
111111111111111000101000
111111111111101101011110
111111111111101111000110
111111111111101111101101
111111111111110111001100
111111111111111001110100
000000000000000000111100
111111111111110010100011
000000000000000010110101
111111111111111110010000
000000000000000000100100
000000000000000010000101
111111111111110011010100
000000000000000001011010
111111111111111101111101
111111111111111110010111
111111111111111000111110
111111111111111011010001
000000000000000101111000
111111111111110100010001
000000000000000000110111
111111111111110111110111
111111111111110111100100
111111111111111100101010
111111111111111010110110
111111111111110010010100
111111111111111101010010
000000000000000001011111
000000000000000000110100
111111111111110010100000
000000000000000100000000
111111111111111010001100
111111111111111100111000
111111111111110111111011
000000000000000011000001
111111111111111001101110
111111111111110000000001
111111111111110000000010
111111111111110110100011
111111111111111010001110
111111111111110011001000
111111111111111100001111
000000000000001101111100
000000000000000100010101
000000000000001000011010
000000000000000101011101
000000000000000111110001
000000000000000110100010
111111111111111000011110
000000000000000101101011
000000000000001011011101
000000000000000110110101
111111111111111011000111
111111111111111101010111
000000000000000001010001
111111111111111110110110
000000000000000010001111
111111111111111001011001
111111111111110100001010
111111111111111110000110
000000000000000000000010
111111111111111010111001
111111111111110111100000
111111111111111101000011
111111111111111010010100
111111111111111000011110
111111111111111001110101
000000000000000011100101
111111111111111100001101
111111111111110010001001
000000000000000100011101
000000000000001000000111
111111111111111111100001
111111111111111001100110
111111111111111011110011
000000000000010000110000
