000000000011011101111100
000000000000011010111111
111111111111100011100000
111111111111011010010011
111111111110101101011010
111111111010001001100010
111111111000100110000110
111111111100011001110111
111111111100011000110001
000000000010101010110010
111111110101100000110010
000000001010100000011000
000000000101110001011111
111111111010011110100110
000000000111100001001101
000000000111010001011110
000000000111111110101011
111111111101111000101111
111111111010100111011110
111111111111110101001100
000000000010001000111011
000000000010001100001111
000000000000111000100000
000000000001110010001111
000000000001110001100010
111111111111000100101111
000000000010001011110110
111111110000111101111010
111111110001000000011100
111111110111100010000011
111111110011011001011110
000000011110010101100101
000000000011010111010110
111111111010011000101111
000000000111011010010101
111111100000010001100110
000000000101010001001100
111111111110000010101101
111111111000100110011001
111111111001000000101111
000000000000000111011000
000000000000011010111101
000000000000010101111001
111111111110011000101010
111111111000010111111110
111111110111111111100111
000000000011001000111010
111111111001000011001101
111111111111111111011100
000000000011100100000001
111111110110100100101100
111111111010001000100111
000000000100001011001111
000000000110010010110000
000000000011110010010110
111111110110101111110101
111111111111000101010111
000000000010000110110100
000000000000011101100010
111111110111111001100001
000000000001101000111110
111111111010110100111010
111111111100110111111011
000000000100101110001010
000000000000001011101110
000000001011111000110011
000000000001011110111111
111111111000010111010010
111111111011010111111110
000000000000111000011001
000000000001001111110101
111111111111000000101011
111111111101000011111111
111111111110100001000010
000000000011001110011001
111111111101110100010001
111111111101010010110100
000000000010101110100111
000000000001010001011100
000000000000001011111111
000000000010000100000001
111111111000011001111111
111111111000111100101001
000000000010001011010000
111111110111100000011010
000000000110110100101101
000000000000011110100101
000000000001000000011001
111111111110100110111000
000000000001001100100011
000000000111011100010110
000000000111111100001101
111111111110001110010101
111111111111010011000110
000000000010111110100000
111111111111011010101100
000000000100101001010100
000000000101000110101110
000000000011001000000100
111111111110001001000100
111111111100111110010001
000000000001011000010010
111111111111011001101001
000000000011111001101000
111111110111011000010001
111111110011100101100101
000000000011110100100011
000000000011011111011101
000000001111011011010110
111111111001100110000101
000000000000001001000010
000000001010000011101101
111111111101101111100111
000000000000000001101100
000000000110000110110111
000000000000110100000101
000000000100000111101001
000000000101101101011100
000000000100000111100101
111111111110011001101110
000000000010010011011000
111111111111010111101111
111111111010010000001100
000000000010000110011100
111111110110101111010101
000000000001011001001110
000000000101100100011001
000000000000000110101100
111111111101010011100011
111111111011010101111000
111111111011000101110011
000000000110100001011001
000000000000010110011111
111111111101101110010000
111111111011000101011110
000000000111111100011101
000000000100100101100100
000000001000000001001110
000000000000110001100001
000000000000101110101100
000000000011011011011011
000000000011100001100011
000000000100010011101111
000000000110000000000101
111111111100011111100101
000000001000001100011100
111111111101001010001110
000000000001110101010101
111111111101000011011111
111111111111011101001001
111111111100001000110010
111111111111001111010010
000000000101001100111011
111111111011000110001011
000000000011000011011001
000000000001011101000111
111111111000010100100011
000000000000100111101010
111111111001001110001111
000000001000010010100111
000000000001011110000011
000000001100001101000001
000000000000010110100001
000000000110101101110010
111111110001010001010110
000000000011110011010011
111111111000101001110101
111111111101011100110110
000000000111011110101010
000000000100100110110000
000000000001001011010001
111111111110011001100001
000000000111100110010000
111111111010110000001100
000000000101111101001011
111111110110101011110011
111111111110100001000010
000000001010000001101110
111111110111011000010100
111111111100000101110100
000000000011000111001110
000000000011000000111110
111111111110010000000010
000000000001000010110000
000000000010101001110100
111111111110011000000001
000000000110100101101100
111111111000000111101111
000000000101010110100010
111111111100000111101101
111111111101000011000001
111111111110110010010100
000000000000000101111100
000000000111001111110011
111111111101100100110111
000000000010101111001111
000000000010001100010001
000000000011111111001010
000000000001101111011010
000000000010101000111111
111111111011010111100000
000000000110001010111101
111111111010010010110101
111111111111100101110011
111111111110011111100011
000000000010010000110010
111111111110010100110100
000000001001001001110101
000000000100010001101001
000000000110000001101011
000000000111011011001101
000000000011010000101101
000000000101000001111010
000000001101000100011101
000000001000010101110010
000000001100000000111010
000000000010000111110111
000000000011010110100101
000000000101001111100100
000000000010000110111110
000000000000010010001011
000000000100000100100001
000000000100101000000100
000000000110111101011011
000000000000110001110100
000000000010111110100111
000000000000011010110000
111111110111111000001101
000000000110101000011011
000000000010010011001010
111111111110011100101010
000000000010101101011100
111111111011101000101110
000000000000101010100110
111111111011100101001110
000000000000000001101011
000000000011001101111100
111111110110111111110011
000000000101011010110011
000000000100111011001001
000000000000000110101110
111111110110101010110001
000000000100101101010100
000000000011101111100111
000000001001101001010100
111111111100111010101010
111111111110011110011111
111111111000011101000010
000000000001100001111100
111111111101011010010000
000000000000111110110100
111111111001000111010110
000000000110110101011111
000000000101111000101000
111111110011110111100110
111111111001010110001100
111111111101011111011100
111111111111100100001011
111111110010010101000101
000000001101000111000011
111111110000101001110011
000000000001110111101101
111111111110111000101101
000000000000010100110010
111111111100101010111011
111111111110010010000000
111111111111001101010001
111111110000001100111101
000000001001111101110010
000000000001101110111000
111111111110100010101010
000000001010101011010100
000000000111010101110011
111111111110011111101001
000000000011100100000101
000000000000101011111101
111111111111011000010111
000000000001100000101010
000000000011100000100111
111111110011000100101001
000000000011111111001001
111111111100110100110010
000000000001001010000111
000000000110010111111011
000000000001000000001010
111111111011010100100100
000000000100000010111001
000000000111100000100101
000000000000100001001101
111111110110110101001110
000000000110110000100100
000000000011110010011011
111111111010000111111111
111111111101010100011100
000000000001011111001011
111111111100101001100010
000000000000110000000011
111111111101100101001011
000000000011011011101101
111111111111110100000001
000000000100010001100110
000000000001011000001011
000000000000010100011101
000000000100001001011100
111111111100000111001001
000000000010001000110101
000000001000001010100011
000000000001000001101100
000000000100111100110110
000000000000001110111000
000000000100100010001011
111111111110110110111100
000000000001011101001100
111111111110010011111111
111111111011101000110001
111111111100011001101110
000000000001100001000010
111111111000001110110010
000000000101001001000001
000000000001111011111010
111111111110010001111111
111111111111111110101110
111111111100000101000101
000000000011010010101011
111111111101100100001110
000000000001100000011111
000000000000101011000101
000000000000001010111111
000000000100011111000011
111111111110001100111110
000000000100010111100110
111111111101010011011111
111111111111111100100000
111111111101001101011110
111111111101111001110100
111111111101011000101011
111111111111010000101100
111111111110111111011110
000000000010111000111111
111111111011100100100011
111111111101101111010100
000000000001110101011010
111111111101101100000111
111111111101110110111101
000000000010011000111001
000000000000110101010110
111111111101100111101110
111111111110010000101001
000000000000101001000000
000000000011010010001001
000000000011011110110000
111111111000010111100001
111111111011111101110000
000000000000001111001000
111111111101011010101011
111111111111101011101001
000000000001001100101011
111111111111100111110001
000000000000001101000100
000000000010001111111100
000000000001001011011101
111111111001111100000011
111111111101110010011000
111111111111110000110000
111111111110011000001001
111111111110101101011100
000000000011110010100110
000000000001101101111100
111111111111110101101000
111111111111100010111100
111111111101001110001100
111111111110110001001101
000000000001100000001100
111111111010111111000110
111111111110011111101000
111111111111110101101010
111111111111110101101111
000000000100001101101010
111111111111001001100110
111111111111111001101011
111111111100101011010101
000000000110101110101011
000000000000010100011001
111111111010010100100001
111111111110111101001100
111111111101010001110101
000000000101100110001111
111111111111010111101011
111111111100111001111011
111111111111000100101111
111111111011110101000100
000000000010011001000001
111111111111100100010000
111111111100111101100011
111111111011010011010001
111111111001111100001110
111111111001111111110111
111111111101011010101010
111111111101010110000010
000000000010001110100100
111111111101001111010010
000000000011000101101101
111111111011101110101001
111111111101010011111010
000000000110000000110010
111111110110011100110101
000000000000000001110011
000000000000010000110010
000000000000111010101100
000000000000010110101000
000000000010010100010001
111111111100111110011000
000000000001010001010010
111111111110100010101001
000000000001010000010111
111111111111010111011001
000000000101001111011101
111111111101000010001000
111111111111001100110011
111111111111010101111001
111111111101010001100101
111111111010010101111001
000000000100110000110011
111111111100110010000111
000000000000110111001100
111111111010100101110011
000000000010000110011000
000000000000011100010111
111111111011010011010111
000000000000000011011001
000000000000010010110001
111111111101110001010111
000000000101110110011001
000000000111100111011101
000000000010111110001000
000000000100011100100001
000000000010101100111111
000000000100110010001101
111111111101101010100001
000000000010111000111101
000000000110011111011011
111111111110111100111110
000000000000001111101011
111111111000010110011110
000000000000110011001010
111111111110100010010000
111111111111000110110101
111111111011011010101110
000000000110000010010010
111111111111100010010101
000000000100100010111011
000000000010100110010010
000000000010001010100111
000000001010010111011110
000000000101111110101110
000000000011100011001111
000000000011110011000001
000000000101110101111001
000000000000100100010001
000000000011111110010111
000000000000100001011010
000000000110110100111100
111111111110101101000010
111111111100110011001100
111111111111011001100001
111111111110100001010110
000000000001101110110100
111111111011011110010001
111111111000111001001000
111111111101011001011011
111111111110110111111001
111111111111001010001110
111111111110110011010101
000000000010100000100000
111111111101100001011010
000000000010100110101000
000000001000111101001110
000000000000110010100001
000000000001100001111001
111111111110010011101110
111111111111111100000011
111111111111110000011010
000000000001001101111001
111111111111001101010001
000000000010000011000110
111111111100010000000001
111111111011100010001001
000000000000111010010001
111111111001000101010110
000000000100100100010010
000000000000001010011001
000000000001111101001100
000000001000000110001011
000000000010011100011101
111111111111110011011111
111111111111001001110111
000000000010001110100110
111111111011111101111011
000000000011001101110110
111111111111001101011000
000000000011101011010110
000000000000000011100110
000000000011100000001001
111111111101100101000010
000000000000111110100110
000000000010010011111101
111111110011101000000101
000000000000000110010011
000000000010110010001011
111111111101111110001010
000000000001000100011101
111111111011000100101011
111111111101101011011101
111111111110001110001011
000000000100000011011001
000000000000010011110110
000000000000000000110010
000000000010010000100110
111111111111110101110011
000000000010110111010110
111111111111000011101000
000000000000110111001111
000000000100111000110100
000000000110101110110001
000000000011010101110001
111111111110010010000111
000000000101101001011001
000000000111011100110100
000000000000010001001010
000000000001100010011100
111111111110100110111010
000000000001111001100110
000000000000011011101010
000000000001111000000101
000000000000101000000110
111111110110100010000000
111111111100100101010111
000000000011111001100110
111111111110000100110010
111111111111010100010110
000000000110010100001010
000000000000000010010010
111111111000001100010000
111111111011011101111000
000000000010010010000010
111111111101010101010010
111111110110110110110010
111111111111011001001100
000000000010011111000000
111111111001000010110110
000000000001011010011001
111111111111110000100110
111111111101110010110110
111111111101101001111000
000000000011011110100011
111111111110010000111110
111111111111101011100011
000000000100110100010010
000000000100111110010001
000000000101101100000010
000000000001011011110001
111111111111001011001010
000000000001100010101101
111111111101011001000011
000000000010010101000000
111111111101100001100101
000000000010111101101000
000000000100000011111111
000000000010011100001001
000000000011001101110010
111111111111000101101001
111111111100111110101110
000000000010101101010001
000000000100010101010101
000000000000010100101100
000000001000000001111001
111111111010001001010100
111111111110001110001101
111111111111010111100001
111111111100010110111000
000000000010010001111000
000000000000001100111101
000000000000110001010000
000000000010101111101001
111111111110110110000110
111111111111001100100110
111111111100001001111101
111111111111110100110100
111111111110100110011001
000000000001001101101011
111111111011101010001011
000000000101110001011000
111111111101100000000110
111111111111101011001001
111111111010011000100000
000000000000011110101001
000000000000111100011111
111111111110111100011010
111111111101110110001100
000000000010001010011010
000000000010011110011110
000000000001111111000110
111111111110001011011000
111111111101001010101001
111111111101100110110010
000000000110100000000110
000000000001100010010001
111111111111000100011010
000000001000000110001100
000000000010111101010111
000000000011001001011110
000000000010011111100001
000000000000001010110001
000000000000000010000100
111111111111100101000101
111111111111110101111101
111111111111111011110001
111111111111111001000001
000000000000001100100011
000000000000001101010010
000000000000001111001101
000000000000000010110100
000000000000000111000010
000000000000000001110011
111111111111111010101010
111111111111110101001111
111111111111110000111111
000000000000000000100011
000000000000000010011011
000000000000000000000100
000000000000000111111101
000000000000001011001110
000000000000011110101111
000000000000000100010110
111111111111111010010011
000000000000000111000111
000000000000100000000101
111111111111101011101101
000000000000000001000011
000000000000000101010001
111111111111110111001011
111111111111111101100100
111111111111111010011110
000000000000000110101100
000000000000001000001001
111111111111101001111111
111111111111111010010110
111111111111100110001001
000000000000011111000001
111111111111111011111111
000000000000000010100001
000000000000010110010101
111111111111111111011000
000000000000001101010000
111111111111111111001111
000000000000000010101000
111111111111110101110011
000000000000000001111001
111111111111110100000000
111111111111110101100111
000000000000010101111110
000000000000000001001001
000000000000001110110000
111111111111011100011100
111111111111111110010010
000000000000001100100101
111111111111110111000010
111111111111111001001000
000000000000001100100000
000000000000000101110101
000000000000001000101011
000000000000001001110001
000000000000001010011101
111111111111111010010111
111111111111110010000111
000000000000000010101101
000000000000000101011101
000000000000010010111110
000000000000001000000111
000000000000010010101110
111111111111111100110100
000000000000001010000000
000000000000000000101011
111111111111111001101001
000000000000010101100101
000000000000000110111100
000000000000001111111110
111111111111111011000110
000000000000000110100111
111111111111111001101111
111111111111101000000011
111111111111110111010011
000000000000001001011000
000000000000001001110000
111111111111111010101100
111111111111111011010000
000000000000000000001110
111111111111111110101111
111111111111111111011001
111111111111111001111101
111111111111111000110111
111111111111110001101110
111111111111110111111011
111111111111111101001011
000000000000001010101101
000000000000000000111010
111111111111111011011010
111111111111101111101100
111111111111111010111000
111111111111110110111001
111111111111111001010001
111111111111111110100100
111111111111111000110000
111111111111110001111010
111111111111110100010010
111111111111111100000101
111111111111110011010101
000000000000000001101000
000000000000000010100111
111111111111111111000110
000000000000001100100110
000000000000000011001000
000000000000000000110010
000000000000001000011110
000000000000001101111110
000000000000001110101010
000000000000001010001000
111111111111111100000111
111111111111110000100010
111111111111110010111100
111111111111111111011010
000000000000001010001000
111111111111111101011101
111111111111111101010101
111111111111111100011010
000000000000001000001100
111111111111111001111001
111111111111111001100101
111111111111111110000100
000000000000001100110010
111111111111110111111110
111111111111111101101010
111111111111111001101110
111111111111111001111101
111111111111111010010010
000000000000000111011101
111111111111101011110011
111111111111110111101000
111111111111111011001000
111111111111100100001110
000000000000001100000110
111111111111111101100011
111111111111110101110000
111111111111100101100110
111111111111110111011001
000000000000010010001011
000000000000000111010010
000000000000000011110101
000000000001000010010111
111111111111111101011010
111111111111111100000111
000000000000001000011001
000000000000011001100101
000000000000000011011010
000000000000101111100001
000000000000010010011001
000000000000001011111010
000000000000010010110101
000000000000001000100100
000000000000000110101110
000000000000000001011111
111111111111011011101000
000000000000000101001010
000000000000000101000100
000000000000001011000001
000000000000001000101101
111111111111111010100010
000000000000000101010100
000000000000000001001011
111111111111111011010100
000000000000001011101100
000000000000000000101100
111111111111111010000010
000000000000000011000110
000000000000000001110101
000000000000000001110000
111111111111110110001111
111111111111111001010010
111111111111111100011110
000000000000000000010110
000000000000000001010110
111111111111111010011001
000000000000000001100011
000000000000001011010000
000000000000001110111000
000000000000001010100000
111111111111110001100000
111111111111111011000111
000000000000011101000101
000000000000000000010011
000000000000011001110110
000000000000000010110100
000000000000000001111011
000000000000001000010101
000000000000000100110001
111111111111110101100110
111111111111011111111010
000000000000010101000001
111111111111110101110101
000000000000001110011000
000000000000000010110010
000000000000001100001110
111111111111111101010000
000000000000001000010110
000000000000000000001000
111111111111111010011101
000000000000010110001100
000000000000001101011101
111111111111111111011111
000000000000000111101111
000000000000000111001010
111111111111110011011011
111111111111101111101100
000000000000000011011110
000000000000000001101101
111111111111101111100000
000000000000000000000001
000000000000000000011110
000000000000000001000100
111111111111111000011111
111111111111111001000110
111111111111110001111011
000000000000000110001111
111111111111101101011011
000000000000010000010111
000000000000000000000100
111111111111101110010011
000000000000101001011010
111111111111111110010101
111111111111101001101111
000000000000010001111101
111111111111111001001001
000000000000001111001100
111111111111110110100000
000000000000000110010001
000000000000001000110010
111111111111111110100110
000000000000000011110100
000000000000100100011000
111111111111101110000101
111111111111101101101011
111111111111110111010001
000000000000000000000000
000000000000000000010001
000000000000011101100110
111111111111111010101110
000000000000000111101101
000000000000000100110101
000000000000000001111100
000000000000000000000101
111111111111111100001111
111111111111110000110101
000000000000001001111111
111111111111111100110010
111111111111111101101111
111111111111110001001111
000000000000001100001101
111111111111110011111111
000000000000001101100100
000000000000001000110101
111111111111110111110010
111111111111111001000101
111111111111101001100000
111111111111111100010110
111111111111111111110001
000000000000001101011011
111111111111110111101001
000000000000000010110101
000000000000000000110110
000000000000001011000010
000000000000000001101010
111111111111110111011011
000000000000000111000110
111111111111111111001110
111111111111111011101111
111111111111100111000011
000000000000000000101110
111111111111111001000011
111111111111100101001001
000000000000001001000111
111111111111110110110011
000000000000001000010111
000000000000001001010111
111111111111111100111011
000000000000001111000001
000000000000001001100100
000000000000001001101110
000000000000000101111011
000000000000000100110011
000000000000001101001000
111111111101101000101010
000000000000011001010000
000000000000111000001100
111111111111100000100010
000000000000010011000111
000000000000001111101010
111111111100101011010110
000000000001100111111011
111111111100111001001110
000000000001000100011010
111111111101110110010010
111111111111110100000011
000000000000000011100110
111111111111111110111010
000000000000000100010001
000000000000000001100111
000000000000000011011000
000000000000000111000011
000000000000000110011100
000000000000000100110010
000000000000001011001000
000000000000000111001010
000000000000000111010100
000000000000001000010101
000000000000001000000111
000000000000000110010100
111111111111111100000111
000000000000000000010111
000000000000000100101101
000000000000000110111000
111111111111110111110110
111111111111111101000010
000000000000001101001110
000000000000000010011100
000000000000000011011001
000000000000000100110010
111111111111110111111010
111111111111111110010100
111111111111101110001100
111111111111001101100011
000000000011001110010111
000000000011000111101100
000000000100000101011010
000000000000010000010111
000000000100101011001011
000000000101111010110111
000000000101000000100100
000000000000110111110000
111111111111111110000010
000000000000000010100101
111111111111110110100110
000000000000000011111111
111111111111111110100010
111111111111111110110100
111111111111111100100011
111111111111111111001010
111111111111110110101101
111111111111111010100001
111111111111110101111110
000000000000000101000110
111111111111010001111110
111111111111101010111110
000000000000110110100101
111111111111000100011110
000000000000101011110101
111111111111011110000011
000000000000110111010011
000000000001010110000001
111111111111010110100110
000000000000000001001100
111111111111111110101111
000000000000010000101111
000000000001010000000110
111111111111000111010111
000000000001010001000111
111111111111000100011001
000000000001000111101011
000000000001000100111111
111111111111101101001001
000000000000110001101101
000000000001100010101001
000000000101111011100101
000000000110110000110001
000000000100011100101100
000000000000001010101011
000000000000000011100001
111111111111111010011011
000000000000000001011001
111111111111111011111010
000000000000000001001010
111111111111111000101100
111111111111110110101001
000000000000000110001101
000000000000000011001001
000000000000000001101000
000000000000001011001010
000000000001010011110110
111111111111000110000001
000000000000100000000000
000000000000011011100110
000000000000111011001010
000000000000010011000110
000000000000110001010010
111111111111110111110101
000000000001000010011111
000000000000000010010010
111111111111100001100001
000000000000011011011010
000000000000001000000101
000000000000001011000010
000000000000001011010101
000000000000001001111010
000000000000000010001111
000000000000001100011010
000000000000001100001001
000000000000001010000110
111111111111111001010101
000000000000000000010101
000000000000000100000101
000000000000000000011100
000000000000000001101001
000000000000000010000010
111111111111111101001110
000000000000000100000000
000000000000000001101110
000000000000000101100101
111111111111111110010111
000000000000000010001001
000000000000000110011101
000000000000000101000000
000000000000000000110000
111111111111111100001100
000000000000000110111110
000000000000000011111100
111111111111111111010100
000000000000000110001001
111111111111111110100010
111111111111111011100011
111111111111111010111000
111111111111111111111000
000000000000000000111110
000000000000000011101100
000000000000000010011110
111111111111111111111011
000000000000000110000101
111111111111111100110000
111111111111111001010110
000000000000000110101000
111111111111110111011101
111111111111111000101001
111111111111111001010010
111111111111111101100101
000000000000000111111111
000000000000001011111111
111111111111111011100001
000000000000000100101111
111111111111111110110100
111111111111111101011000
111111111111111010111010
000000000000000110111100
111111111111111111011000
111111111111111001011001
111111111111110010110010
111111111111111001000101
000000000000000000101110
111111111111111110010000
000000000000000101000110
000000000000000010001111
000000000000000000101010
000000000000000010010101
111111111111111111000100
000000000000001111100000
000000000000000000011001
000000000000001001010010
000000000000000000000110
111111111111111010101101
111111111111110111111110
111111111111110011000011
111111111111111001001010
111111111111110110001111
000000000000000100010101
000000000000001010111011
000000000000001101000100
000000000000000101000110
111111111111111101110110
000000000000000000010110
000000000000000011010010
111111111111111110101011
111111111111110101110011
111111111111110101000101
111111111111111010100011
111111111111110101000111
