000000000011001100001111
111111110101110111011111
111111110010111100100100
000000000000011000011110
111111111100111101110000
111111111110100110110101
000000000100111100111001
000000000001111100011001
000000000000010101100010
111111111110011110110101
111111111001000000111001
000000000010110110011011
000000000000110010101110
000000000110110011111011
111111111010100001110101
111111111010111000001111
111111111011110011001011
111111111100101010000100
111111111111111100000010
111111111110001100011111
000000000001000011000111
000000001001101000010111
111111111000111110111000
000000000000011001111001
111111111010110000100110
000000000010011100111001
111111111110000100011100
111111111100011111010110
111111101001010100000101
000000001000101101101110
000000000111000110010110
111111011111100000110110
111111110011110010001010
000000000000001011011010
111111111001000001110000
111111110100101100000110
000000000011101100110011
000000000100100011101011
000000000100010101010101
111111111110110010011011
000000000000101000000111
111111111111100111010100
111111111000000010100100
111111111011110010101000
000000001010100011010110
111111110111101001000110
000000000001101111000001
000000000100101111010000
000000000100011001100010
111111111101010111110110
000000000000010001110100
000000000001010100111110
111111111011111001111000
000000000000110000100000
000000000110101011010100
111111111111111000110000
000000000010001110010101
111111111111110001010001
000000000011100101111110
000000000010111100111000
000000000001100110100011
111111111111110101100001
111111111110011001001101
000000000110001001110100
111111111010110010101011
111111111010101000110111
000000000000000001011110
111111111101010100000000
000000000010100010010000
000000000000010011010001
000000000100001000011110
111111111110111001110101
111111111000001001110101
111111110110010001111111
111111111100100000111111
000000000001001101101011
000000000100011101100011
000000000001100110011001
000000000110111010101000
000000000011101101100101
111111111110011010001000
111111111100110010001011
111111110101101010111111
000000000101010110100001
111111111101011101001000
000000001000101110001010
111111111011110110011111
111111111110010011110001
000000000000111000100011
111111111010011101001111
111111110110001100001100
111111111110010010111101
000000000011011000010111
000000000001001000010011
000000000010100101100001
000000000010001110100011
000000000101000011111111
000000000011000000101111
000000000010100100000001
000000000111010111111101
000000000100011001110110
111111111011101001000110
111111111010110011110110
111111111110001111011110
000000000101101010010011
111111111111101100011001
111111111101101111101010
111111111110101100100010
000000000101110101010100
111111111011111000001011
000000000010100000111111
111111111111110001000010
000000000001001101111001
000000000001000101100111
000000000011100101101101
000000000111001101011100
000000000111101111111011
000000000000010001011100
111111111011001001010101
111111111101000100010110
111111111100010000010100
000000000101100110100000
000000000001100010001010
111111110111010110010110
000000000001011010100100
000000000101110101011011
000000000101101000000100
000000000100101010101111
000000000001010010001100
111111111111111011011010
111111111110110001000100
000000000100110011101010
000000000010001101001000
000000000001001101111111
000000000101101000100010
111111110010101000101010
111111100111100110001111
111111111001111011001101
000000000000000001011111
000000000101000001111101
000000000000100111100001
000000000111110011011111
000000000110010001101010
111111111100011111101010
000000000011100111010110
000000000010001010010100
111111111001000101001100
000000000100010110011001
000000000010011110001010
000000000000110001001011
111111111111101001010000
111111111111001010111010
000000000101001001010111
111111111000111010101011
111111111011011001110101
000000000000110110000001
111111111110111100100011
000000000001011101101011
111111111011110001001110
111111111010001110110111
000000001000011101110100
111111111101100100101110
000000000001111000101011
000000000010011010011111
000000000011000111101100
000000000001111111101011
000000000001000101101110
000000000010110101111011
000000000000010011100011
000000000000011001111000
000000000011110011010011
000000000100000011111011
000000000011011001101011
000000000011100111011011
111111111110001101111111
111111111010111010001111
000000000110111111011000
111111111111110000001101
111111111011000000010010
111111111111101100110111
111111111111101100111010
111111111100101111010100
000000001000110011101001
000000000101111110111001
111111111110111010001101
000000000000100101100101
111111111110011010100110
000000000000000100010101
000000000001110011010001
000000000101101011100011
000000000100000000110001
000000000110011010111001
111111111101101000101101
000000000010110001101011
000000000010101001101101
000000000010010011100001
000000000001100110111101
111111111010001100000001
000000000101110011000101
000000000010010010101101
111111111101101010111111
000000000001100111111110
000000000000011100101011
111111111001111111001111
000000000011101010111000
000000000110001010111101
000000000011001101011111
111111111101100000010001
000000000011000101111100
111111111111010101011111
111111111111111110101110
111111111111101011000111
000000000101000111011000
000000000011111001100010
000000001011100001110101
000000000110001101011100
111111110101010101111000
111111111011110110010111
111111111101110110101001
000000000111101101110100
000000000011101111000101
000000000000001101001000
000000000000011101111101
000000000110000100010001
000000000011001010010111
000000000100110010001010
111111111101101100001111
000000000001111011100011
000000000101100001111111
000000000010001000111111
111111111101000100001100
111111111100110001011000
111111111001101111101100
000000000101001101000100
000000000101111111110100
000000000110001110111000
000000000101011011101010
000000000000010001000110
000000000010110111111011
111111111110111110110101
111111111010101001110001
000000000011100011010001
111111111010011100010110
000000000100101111101110
000000000001111110010000
111111111101000011111111
000000000000000111110000
111111111110111001100011
111111111100101100111101
000000000100101010101010
000000001011011111001011
111111111001001010111000
000000000000011101001110
111111111110001000111111
000000000000111111110011
111111111011000001101110
000000000000100111000110
111111111111101110101110
111111111111010001000000
000000000100001101111000
111111111000101100011101
000000000111001000001101
000000000110011011100110
111111111100000111100010
111111111110100110100100
111111111110001111110000
111111111101010000010111
000000000000111011011101
111111111011001010000100
111111111110000100000111
111111110000010101010001
111111111001010111110100
000000000001111010100111
000000000011111101110111
111111111111001001101101
111111111011100011010001
000000000111100101101011
000000000100100011110010
000000000010001000011110
111111111000100110110101
000000000001110001000100
000000000000000010110100
000000001000110011001100
111111111101001000011010
111111111111001111000111
000000000000010010110011
111111111111100001110110
111111111011100001011010
000000000101110101110010
000000000010010111110111
111111111011110111001100
000000000001110101001011
000000000011111100010011
000000000001001010110011
000000000010000101001110
000000000000011000000001
000000000000111110010101
000000000100101000000011
111111111110001111000111
000000000100101001100011
000000000010001101100100
000000000001000111110101
111111111111110100010100
000000000010010010001010
111111111010101101111001
111111111111100100110001
000000000100110001111100
000000000000110001000000
111111111101110110010111
000000000011110010011110
000000000000111111000110
111111111100110110111001
000000000101111000110110
111111111111101100101110
000000000010001111110000
111111111011000101001100
000000000010000110110110
000000000100000010001101
000000000010011100001011
000000000011101001101100
111111111100010101100011
000000000001111101000010
000000000111010000111110
000000000010110101101110
000000000010010001000000
111111111111101001010001
000000000000000111101101
111111111000101001100101
000000000001001111100011
111111111110011001001110
000000000100101001000101
111111111010110010001010
111111111010111110111001
000000001001000111100101
000000000101100101100101
111111111010110001000001
111111111010011000101101
000000000001000111111000
111111111110010101011000
000000000010101010110111
000000000010110001010111
111111111110010000111101
000000000000110011101101
000000000000010101001101
111111111110101110110011
111111111001100100100000
111111111110011100110010
111111110110001100010100
000000000001011001000011
111111111101110110000011
000000001000000001000010
000000000000000100001000
111111111110001111111100
000000000001010010110111
000000000110111101000100
111111111111010011001101
111111111001111000010000
111111111100000110111010
000000000000000111111110
111111111100110000010010
111111111110101100110010
111111111011100000000110
000000000001110000101100
000000000001110011010101
000000000010100000111101
111111110111101101110010
000000000001000100100100
000000000000010010110001
111111111101111101011111
111111111101110101111100
111111111110100100001001
000000000101000100011011
000000000000011101000010
111111111101100011101010
000000000011010101110111
111111111111111101001000
111111111110111100011110
000000000000011100000110
000000000000000110100011
000000000001001001010110
000000000010011011010010
000000000010110101010100
111111111110001011100010
000000000001111010110001
111111111110011100000100
000000000101110011101010
000000000000000100000111
111111111101100101010001
000000000101101001011100
000000000011000100000110
000000000000101100111110
111111111111001001111000
111111111111100001001111
111111111100011001001111
000000000001000000001111
111111111011110011111101
111111111100011001000111
000000000001101100111110
111111111101001110110010
111111111110001011110010
000000000001100101111111
000000000011010010011010
000000000000010101001010
000000000000010011010010
000000000010110000011100
111111111011001100000000
111111111011010111100111
000000000101010001001101
111111111111010110001001
111111111111001100100100
000000000000111010100010
000000000000101110100011
000000000101001010001010
000000000000000111011010
000000000010001010001001
000000000011110011111100
000000000110111011010010
111111111111111010011111
111111111110111100100000
000000000010111110001011
000000000001010100110001
111111111111101001111100
000000000100011010011011
000000000000010110001100
111111111110100001001010
111111111100101111001110
111111111111110011001001
000000000000010000000011
111111111111001011010000
000000000101110111111011
000000000011111001000110
111111111100011001011101
000000000101000100110101
000000000101110100111111
000000000100000010010101
000000000000010100010001
000000000011001101111010
111111111111110111111000
000000000010101100111101
000000000011000111001111
000000000001011010001111
000000000100001000110100
111111111101101100001001
000000000100100110111011
000000000101011010100101
000000000000001111111101
000000000010100010000111
111111111100000011001010
111111111101111110111001
111111111110100111011011
000000000100101011010000
000000000111001100101110
000000000101010101000011
000000000011101001111110
000000000111010111011110
000000000010101101110000
000000000100111001111110
000000000010111000000000
111111111110001000010000
111111111101101101000100
000000001010000000000001
000000001000000000111000
111111111110010100001000
111111111111100100100101
000000000100111111100011
000000000010101100101101
111111111011011010101100
111111111111011101001111
111111111011111000000000
111111111101011100001110
000000000001100011100101
111111111111101101011011
111111111101001000001100
111111111101010101010011
000000000001001101110110
000000000010001110000111
000000000011000111110011
000000001001001000010010
111111111100011010000011
000000000000111010000111
000000000000011010001010
111111111111010111011101
000000000100010111110000
111111111011110101110100
000000000001110100110101
000000000001011011001001
000000001000100111000011
000000000011001010010010
000000000100111101100010
111111111001000111110001
111111111110000000011111
111111111100110000100101
000000000100001000111001
111111111111010010111111
000000000011001111010100
000000000000001011010001
000000000110001110110001
000000000001110011000111
000000000001001010110001
000000000000010011111100
111111111100111111111111
000000000101000101101101
000000000100100011101000
111111111111000110100011
111111111001111001101111
111111111011001100111001
111111111111000100011001
111111110110101010110110
000000000011110110011101
000000000000101001100010
111111111100000111000100
111111111110110000111010
000000000010101011010100
111111111111111000001001
000000000011010101001110
000000000000000100101000
111111111111111001101001
111111111011010101100000
000000000100001001000101
111111111110001010010001
111111111100000000100110
111111111011010110100001
000000000110000100001011
000000001000001000001000
000000001000011011100011
000000000001110100000010
000000000001100101100000
000000000100001010000001
000000000000011111011101
000000000100011111100101
000000001000001010100000
111111111111010110111000
111111111101111100101011
000000000100011001010111
000000000000010000101111
111111111100011101110100
111111111010101110011000
000000000011000000110011
111111111100001011001001
000000000010100101000000
000000000001010100001011
111111111111101000010010
111111111101010110001010
111111111101010011011101
111111111101101000111101
000000000010001110110011
000000000010011011000011
000000000001100011111111
000000000001100010101100
111111111000100111100000
111111111110010011100110
000000000010011001111101
000000000000011111001011
111111111110100001101101
000000000001111100111011
111111111101100110011000
000000000000001010111011
000000000000100011011011
111111111100010000000000
000000000001100110100110
111111111100110011011001
000000000011000001001111
000000000101010010110111
000000000010000010010111
000000000001000110000100
111111111101110011111000
111111111111000110000001
000000000101011100110010
000000000101000110001110
000000000111001110110110
000000000010101110001101
111111111111000101010001
111111111110100100110011
111111111000100001011011
000000000101010101111110
111111111011010011000111
111111111000100100101000
111111111101110001100111
111111111001101000000010
000000000010001110010011
111111111111010101100101
000000000000000111011111
111111111100100111110001
111111111111011011010101
111111110110110000000010
000000000010111101011101
111111111010111010110101
111111111101111000011001
111111111101101101001101
111111111101100110110111
000000000010001000101111
111111111011110000111010
000000000100010001011100
111111111011001110111010
111111111110110001111100
111111110111010101001111
000000000011010100110111
000000000001001101000001
000000000010011001001000
000000000001001111100000
000000000011000111000110
111111111110100001101001
111111111101001101111110
111111111100100111100000
111111111110011011001000
000000000110101110100011
000000000100110100011001
111111111101110010100101
000000000100000011100010
111111111111011100000100
000000000011100101100010
111111111111000000111111
111111111111110101110000
111111111111110100111011
111111111111101111101101
000000000000001011111110
111111111111111000001101
000000000000001100100111
000000000000000100110100
111111111111110000011100
111111111111111001010101
111111111111111010000101
111111111111111001101000
000000000000001100110011
000000000000000110101010
000000000000001000010100
000000000000000100101101
000000000000010001100001
111111111111110111110111
000000000000001011000001
000000000000001001010101
000000000000000101100110
000000000000011001111000
111111111111110111011000
000000000000000000101101
111111111111110110100001
111111111111111100010101
111111111111110011111011
111111111111100001101100
111111111111110011000100
000000000000001110010101
111111111111111001111010
111111111111110000100010
000000000000001000000111
000000000000001001101011
111111111111101110001000
111111111111100110000011
111111111111110100110010
111111111111111101110100
000000000000000110100100
000000000000000010111010
000000000000001001101010
000000000000000101000010
000000000000001001111110
000000000000000110001110
111111111111111100001011
000000000000001101000000
111111111111110000100100
111111111111110011010100
111111111111110100001111
111111111111111000101001
000000000000001001011001
111111111111111101011011
111111111111111111000111
111111111111111011010010
000000000000010001110001
000000000000001000110010
111111111111111111000010
111111111111111111001101
111111111111111101100101
000000000000000011111000
111111111111101010111010
000000000000000101101111
000000000000010011011110
000000000000001010110111
111111111111101111011000
111111111111110000100100
000000000000000110010101
111111111111111101100111
000000000000001000101110
111111111111111110001111
000000000000001110011111
000000000000011100001010
111111111111111000101111
000000000000000000000111
000000000000000100100100
000000000000001010000111
111111111111111001010011
111111111111111001111000
111111111111111111101010
000000000000000000001101
111111111111110011101000
111111111111111000011111
111111111111110101001010
111111111111110011110111
111111111111111011100011
000000000000001000000000
111111111111111000111100
000000000000001001101001
111111111111111101010010
111111111111111011010001
111111111111110110011110
111111111111110011001011
111111111111101110100010
111111111111111011011101
000000000000000101110011
111111111111110100100011
111111111111111010110011
111111111111111110100000
111111111111111111011110
111111111111111001110110
000000000000000010001101
111111111111101110000011
111111111111101111110010
111111111111110000010010
111111111111110011111011
111111111111110011110101
111111111111111010000111
111111111111111000101111
000000000000000111011100
111111111111111010010011
111111111111101011101100
000000000000010110010001
111111111111101111110010
111111111111111111101111
000000000000001110100000
000000000000010111100010
111111111111111100011000
000000000000000110101110
111111111111111110011101
000000000000000001000001
111111111111101111111101
111111111111111100101000
111111111111111100101000
111111111111111000101001
111111111111110010110100
111111111111101100001010
000000000000000011100111
000000000000000110011100
111111111111110111111010
000000000000000011110110
111111111111110010001110
000000000000000000101101
111111111111111101100101
111111111111110000010111
000000000000000101111101
111111111111110100110001
111111111111111010101001
111111111111101101110100
111111111111101010000111
111111111111111001011111
111111111111111101010101
111111111111111001011000
111111111111101010000111
111111111111101101010110
111111111111110111100101
000000000000110111011011
000000000000000000100100
000000000000011111011101
000000000000010010110100
111111111111010010101010
000000000000001100011011
000000000000110001010111
000000000000010000001110
000000000000010110101010
000000000000000111001100
000000000000001000001100
000000000000010101010000
000000000000010110110011
000000000000010001111001
000000000000001010111111
000000000000001011101111
000000000000010001001100
000000000000011001010110
111111111111110011001011
111111111111110100011001
111111111111111011101111
000000000000000100010001
000000000000001001010011
000000000000000101100001
000000000000000000010001
000000000000000010111110
111111111111101010100001
111111111111111110000100
000000000000000011010111
000000000000001110000011
111111111111110110001001
000000000000000111000111
111111111111111000111101
111111111111111010101101
111111111111101010111011
000000000000001101110011
000000000000001110001100
000000000000001100101111
000000000000001100110010
111111111111111110010111
000000000000000011010000
000000000000001100111001
111111111111110011111111
000000000000001011001110
000000000000010001111111
000000000000000101110000
111111111111110110011001
111111111111110100110011
111111111111111001101000
111111111111101111001000
111111111111111101010100
111111111111101011000010
111111111111111010011110
111111111111101111111000
000000000000000000001000
111111111111110000011010
111111111111111100100010
000000000000011101001101
000000000000000011110110
111111111111111110100001
000000000000000011011000
111111111111111110010100
000000000000000111010101
000000000000010000001111
000000000000001111000111
000000000000001110110001
000000000000010000000010
000000000000010001100111
000000000000000110111110
000000000000010010011110
000000000000000011001000
000000000000011011011101
000000000000001101111100
000000000000010011101100
000000000000001001001011
111111111111110010010000
111111111111110101110111
000000000000001101110010
111111111111111001000000
000000000000000001000000
111111111111110100000000
111111111111111000110001
000000000000000010001001
111111111111111111001100
111111111111111001110100
111111111111111100100110
000000000000001011010100
111111111111011010000101
111111111111111110100010
000000000000000111010101
000000000000000111100110
000000000000001011001100
111111111111111110011010
111111111111111110111100
111111111111111100000000
111111111111111010011001
111111111111111111010000
000000000000010000100010
111111111111110101111001
000000000000000000110010
000000000000001001110100
000000000000000000000111
000000000000000101011001
111111111111111110100001
111111111111110110000111
111111111111111011111111
000000000000001000101000
000000000000000000000100
111111111111111100100011
111111111111111011111011
111111111111111011010101
000000000000000110110010
000000000000000100110100
000000000000001000111000
000000000000001010101011
111111111111111101100001
000000000000000110101010
000000000000000000110110
111111111111110110100011
111111111111111111001111
111111111111111000100000
111111111111101111111011
111111111111110010101111
111111111111110111111001
000000000000000001011100
111111111111111100000010
000000000000001011110011
111111111111110001010011
111111111111100111101010
111111111111110101010111
111111111111111010001011
111111111111101101011110
111111111111110100011101
000000000000001111000101
111111111111111101011101
000000000000000001011101
111111111111111011010011
000000000000000100011110
000000000000011110000110
111111111111110100100100
111111111111111000101011
000000000000010100000110
111111111111111001001111
111111111111111100101001
111111111111000001111000
111111111111110010101111
000000000001110010111110
000000000000000011001100
111111111111001011000011
111111111111100011110011
111111111110100010101010
000000000010111010101010
000000000000010010011110
000000000000000010110001
111111111110011111011101
000000000001011001101110
000000000000000110100000
000000000000000000100000
111111111111111110100110
000000000000000010001101
000000000000000010111011
000000000000000011011010
000000000000000100000110
000000000000000100001100
111111111111111100101101
111111111111111111001100
000000000000000010011000
000000000000000011111110
111111111111111010110001
000000000000000000010001
111111111111110100000110
111111111111111110101110
111111111111111110000001
111111111111111101101101
000000000000000101010010
000000000000001010001111
000000000000000010101001
000000000000000000101010
111111111111111100110001
000000000000001001101010
111111111110101000001010
111111111111100100101010
000000000000010101100100
000000000001100000111011
000000000101111011011001
000000000100110110000010
000000000011111111111110
000000000000101111011010
000000000011011010001010
000000000101000110001110
000000000100100101110000
000000000000000001011110
111111111111111011111110
111111111111111010010000
000000000000000000111011
000000000000000010100111
111111111111110111011001
000000000000000001010110
111111111111111110001010
000000000000000111011110
000000000000000000110100
000000000000000001110110
000000000000000110111110
111111111111111011110010
111111111111100000001111
111111111111011011110010
000000000000001100100001
111111111111110111010000
000000000000011001001111
111111111111111011010111
111111111111111000000011
000000000100010010000101
111111111111100101110110
111111111111111001110100
111111111111011101111101
000000000000101010001011
000000000010000010110010
111111111110110001100100
000000000000001011111100
111111111110101100111111
111111111111110001101100
111111111111010010000101
000000000001010000101101
111111111110001111100111
000000000001010101110110
000000000101001110011001
000000000011010000010011
000000000010011110011010
111111111111110011101011
111111111111111010110000
111111111111110110011011
000000000000000010001011
111111111111110110001000
111111111111111011000010
111111111111111011000100
000000000000000000010101
111111111111111010110101
000000000000001000000011
000000000000000111010010
000000000000000001100100
111111111111100001010010
000000000000010111011111
111111111111101111001001
000000000001110100011000
111111111111111101010110
000000000000101110000011
000000000000000101001000
000000000000000100010101
000000000000000100010011
000000000000000000010000
111111111110111100001000
000000000000100101011111
000000000000000111000110
000000000000000010000101
111111111111111011111001
000000000000000010110100
000000000000000001011000
000000000000000100010001
000000000000000100001101
111111111111111000110001
111111111111111000100110
111111111111111101010110
111111111111110011111111
000000000000000101010110
000000000000000011101110
000000000000000011010101
111111111111111001111001
111111111111111011110100
000000000000000000111110
000000000000000011110000
111111111111111011111001
000000000000000001111111
111111111111111011000100
111111111111111110010110
111111111111111111001001
111111111111111011010011
000000000000000011101001
000000000000000001010101
111111111111111100111011
111111111111111001001001
000000000000000010111010
000000000000000011010011
111111111111111111001000
000000000000000111000111
000000000000001000110010
111111111111111011011100
000000000000000010001100
111111111111111010111000
111111111111110111100011
000000000000000010100101
000000000000000001001111
000000000000000001011011
111111111111111100101100
000000000000000001111001
111111111111111111110100
000000000000000100101001
111111111111111111001010
111111111111111010100100
111111111111111101101100
111111111111111101101101
000000000000000101011011
000000000000000010001101
111111111111111100000111
000000000000000010011011
111111111111111100101011
000000000000000000111001
000000000000000111101101
111111111111111101011100
000000000000001110100111
000000000000000111010111
111111111111110111111010
000000000000010001010101
111111111111111110111011
000000000000000101000001
111111111111111010101000
000000000000000001110011
000000000000000010010010
111111111111111111011000
000000000000000101100111
111111111111111010010100
111111111111111000011001
000000000000000101001100
111111111111110010110110
000000000000001110010011
111111111111111111101001
000000000000000010001000
000000000000000101001101
000000000000000000101000
000000000000000011001101
111111111111111101101111
000000000000000011011001
000000000000000101110011
111111111111110111010001
000000000000000011101111
111111111111111110000100
000000000000000110000110
