111111111110000111010010
111111111100110010100000
000000000001011001010111
000000000001101100110010
000000000010100100001011
111111111010001111100011
000000000001011110110001
000000000111011111111000
111111110111100010000100
000000000001010110010001
000000000001010100010101
111111111011010001010010
111111111110100110001101
000000001001100110100101
111111111100010010100010
000000001000010011010001
000000001001110001001010
111111111110111111000101
111111111110111011101111
111111111110011101111100
111111111111001010110000
000000000000111010100111
111111111111100101000011
000000000010010011110101
111111111110000011100101
000000000001001101101100
111111111111001111100100
000000000010100010100110
111111010100100101110110
111111101011010011010100
000000000100100010010011
000000001011010010101100
111111101011111110010100
111111111100000000110101
111111100010010011010100
111111101000010000110101
111111111111111111100011
111111111001010010010000
000000000001100110011010
000000000011010001010000
111111111010011001110010
000000000110111011011000
000000001001001010001001
111111110111000000101100
000000000001110000111101
000000001000111011101000
111111110011010111101110
000000001000011001011011
000000000010011100011101
111111111110110111011101
000000000011001011001011
000000000001001101010000
111111111110010000110111
000000000000000001100101
111111111000010000010111
111111111110000101100001
000000000100010010011011
111111111110111110000001
111111111111000000000001
111111111110110000011001
000000000101111010001010
000000000000101011100101
000000000001111101010000
111111111101100110110010
111111111100000111100001
111111111110110010101010
111111111101110000011110
000000000000011100101100
111111110100110100101011
111111111100110101111111
000000000100111101001100
000000000010110101010001
111111111101011001010001
000000000001000100111100
111111110110000001111011
000000000110011110010111
000000000000111111100111
111111111110101110100011
000000000001110111101100
000000000110011000010000
000000000100100001011111
000000000000100000110110
000000000000100100110001
000000000010100111010100
111111111010111000101111
000000000001011111001110
000000000010001010100001
000000000010001001111000
000000000100101101010101
111111111101101000110101
000000000000011000001101
000000000100000111010011
000000000100010010100000
000000000110010101011001
000000000010000001001101
000000000011000110000110
000000000011010101110100
000000000001011101101000
000000000010010110100000
111111111000000111000111
000000000011100010011100
111111111100001010100100
000000000100101010111101
111111111111010001001101
000000000000011010010100
111111111000101101110100
000000000010100110011001
000000000110100001001111
000000000100101001010110
111111111000111001000001
000000000001100011110111
000000000100100111101110
000000000101001100000001
111111111111011110101100
000000000001100011010000
000000001100100001100101
000000000011111010110010
111111111101100000001011
000000000010101001010010
000000000100000001010111
111111111111101000100101
000000000001100000001000
111111111010110011010011
000000000101101000101100
111111111111100010111111
000000000100101110111100
111111111111101010000011
111111111110100101101011
111111110111100011111101
111111111111100100011011
111111111101000001011100
000000001000011011001010
000000000000001001000100
000000000001100001101110
000000000001100111101011
111111111110110101011010
111111111001101011001111
000000000001110001111010
000000000100111100111001
000000000000101000111000
000000000001110000100101
111111111110101110001001
000000000011010000111000
111111111101101100110011
111111110100110010010000
000000000100101100111111
000000000010100001010011
111111111111111011000110
111111110100111110000001
000000000001011101001011
000000000000010010000111
111111111011111100011111
000000000111010001011100
000000000000000111010101
111111111110011001110111
111111111110100101011110
000000000100100111000101
000000000000111000110011
111111111010111100010000
000000000100110101001011
000000000000101010110001
000000000010001111000000
111111111110101111011111
000000000010001011011110
111111111110010111101111
111111111111101100000100
000000000000010111101100
000000000011000111001010
000000000000010000001010
111111111010001111010111
111111111100110110110010
111111111100110111110110
000000000000111110111100
000000000010001101001010
000000000100101000110000
111111111011110101001000
000000000011011111001111
000000000010011110101010
111111110111101110011010
000000000101011000000110
111111111011010111001110
000000000010010011000101
111111111101010000010001
000000000100000110101111
111111111101111001011011
111111111110111110001011
111111111010110011010000
000000000010011000010000
000000000010111100101101
000000000001010111100011
000000001000100101010100
111111111100111110111011
111111110001000111001011
000000000011101010100100
000000000001001111100001
111111111110000000100001
000000000010100000000110
111111110111100001111010
000000001011000101001100
111111111100011000011000
111111111100001011001011
000000000001001111101011
000000000100000001001101
111111111001010010010010
000000000011101010000001
000000000010001000000110
000000000000101111101000
111111111100011100010010
000000000010101111010011
111111111111000010011010
000000000011111000101110
000000000010010010111001
000000000100001111111101
000000000101111011010111
000000001000011111001100
000000000010010110011001
111111111101010001101000
000000000100001001110110
000000000100110001111011
000000000100010110101101
000000000100101100001000
111111111111011000001000
000000000100010110100100
000000001010010011011000
000000000010001001001010
111111110011010111111000
111111111111011010000100
111111111100001001000110
111111111100010011000110
000000000011101111011001
000000000010101101010010
000000001100111101001101
111111110101111111111010
000000000000001101000101
000000000011001011000001
111111111010011111100110
000000000011010000010000
000000000110101100111101
000000000000001100001111
111111111100111111010010
000000000110011111001111
111111111100001101111111
000000000001100000100010
000000000000110110010111
000000000011101100110101
111111111101000000001110
111111111110111101010101
111111111101010001110110
111111111101101010111010
111111111000011010011100
000000000101010010011000
111111111000101000111110
111111111000101110011010
000000001011010000011110
111111111111011001100001
111111111000110111000000
000000000010111100011111
000000000100011111111101
111111111110000100010110
000000000000010011111011
111111111100101001100101
000000001000101011001101
111111101110101011010001
000000000001110010011001
000000000110000100001101
111111110101010111111100
000000000010111010111011
000000000011011110101010
111111111011111000011010
000000000011101010010011
111111111010001010001001
000000000010011010001001
111111111000111101000010
000000000110001000101000
000000000001100101001000
111111111111011111111001
000000000000111101100010
000000000010100101100110
000000000000101010000110
111111111000101110011001
000000000101011101001011
111111111110101010001001
111111111110011101000011
111111111011101011101011
000000000111010000111001
111111111000011101000101
111111111111001000001100
111111111101100011111011
111111111100000100110101
000000000001110101000110
000000000000111000001001
111111111111101000111110
111111111110101000101101
111111111011011110000111
111111111001010001011010
000000000001111011101110
000000000010100101001011
111111111101111010011001
000000000010001001111101
111111111100110101010000
111111111111110100111011
000000000010110111001101
111111111110001010001100
111111111111010101000110
000000000010100111101111
000000000000101110110100
111111110111111010001111
000000000000000100000001
000000000101000000110101
111111111011011010000101
111111111101100000111011
111111110110111101111010
000000000000001011010001
111111111001100010001110
000000000011110010100001
000000000011001110111111
111111111111110100110011
000000000100010010000011
000000000001010011010101
000000001010110000100111
000000000000101001001100
000000001010111110010110
111111111111010110101111
111111110111110110011101
000000000110001010110101
000000000001100111001011
000000000011010111001001
111111111010000100101101
111111111001110001111101
111111111010101110010101
111111111101101111010110
111111111111110110110100
000000000000110110011110
000000000000111110010111
000000000011011011101010
111111111111100010110100
111111111110111100011110
000000000001100110001011
111111111111011000010110
000000000000101001010100
000000000001001001001001
111111110111101110011101
000000000110111010010111
111111111100100011001011
111111111011100101001001
111111111100010011110000
111111111000111001001101
000000000010001110100111
111111111110110111100010
111111111110110100010011
111111111011100101101111
111111111101110110100001
000000000000011010000101
000000000001100001000010
111111111111101010000011
000000000010101100110101
000000000000110100100101
111111111110111100000100
000000000001100101011110
000000000100001000101010
111111111111100100011010
111111111011001101100111
111111110100010110000001
111111111111010001001100
000000000010110010011010
000000000000000110010000
111111111100011000101110
111111111011001000111010
000000000000110110101110
000000000001111101111101
111111111001111100000110
000000000011011101010111
000000000011111100101110
111111111010011110001111
111111111011001000100000
000000000001001010110111
000000000000010100110010
111111111111000011110001
000000000011000110011111
000000000100011000001010
000000000001111110101010
111111111011111101010000
111111111111100110111000
111111111111011001111100
111111111100010011011001
000000000001110011100100
000000000011011001110100
111111111100010000110000
111111111101101101000010
111111111100010010111000
000000000001000001010001
000000000001110011111000
000000000011001111101010
111111111110101011001010
111111111010010001110100
111111111111010101111010
111111111110100101010101
000000000001100011101010
000000000000000101001010
000000000100010110011011
000000000010011000101110
111111111100011010001100
000000000010111011100110
111111111111010011101100
000000000111111011011110
111111111101000101010011
111111111110110001111000
000000000001111011100100
111111111111101111010100
111111111100001100000011
111111111111000010101011
000000000000101011001100
000000000000111000011001
000000000000010000001001
111111111000111010011101
111111111110100011110001
111111111111111110011010
111111110101001000100100
000000000010100111000000
111111111000000100010001
111111111010011101110001
111111111011100001101000
000000000100000110011010
111111111110101000110010
000000000000100100000001
111111111110100011101101
111111111111100101010110
000000000000010100010101
000000000001001100101111
111111111111001110110001
000000000000000011010000
111111111101111110111111
000000000010111011110000
000000000101111111110010
000000000010000010101111
000000000110110111111010
000000001001011011010001
000000000010001010000000
111111111110101011000001
111111111111110110110001
111111111110101101101011
111111111000100000000111
000000000001010111100010
111111111010001011000010
000000000011110111011000
111111111110110000110100
000000000011111010111010
111111111100001100110101
000000000001100110011011
000000000000111111011101
000000000011100010101110
000000000010111001100100
111111111111110010000001
000000000110000010010000
000000001001111001000101
000000000101111100000110
000000000010110011111001
000000000100111000001011
000000000101000101010000
111111111101000000011001
111111111111000111101111
111111111111100011001010
000000000100111110101010
111111111101000000000110
111111111101110010000101
111111111101111101111001
000000000011010001111101
000000000000111001000011
111111111110101010111111
111111111111000100111010
000000000001111101100111
111111111111011101111010
000000000010010001000000
000000000010001110011011
000000000001000001000110
111111111110100000100110
000000000001101011110011
000000000001001000000001
111111111111100001011111
111111111001100111111010
000000000000001011111111
000000000011100010101101
000000000000001010111000
111111111111111011010110
111111111111001101010100
111111111011011011101000
000000000100100100000001
000000000011111010111101
000000000110000011010101
000000000000010101111100
111111111111110001101111
111111111100111000101100
111111111100000110011111
111111111110011000001110
000000000001101000100010
000000000111010101011001
111111111110110001110000
000000000111011010011110
111111111101000101000011
111111111111011100100111
000000000001011011100100
000000000100011111100110
111111111101110010111000
000000000111111011111110
111111111101001000110011
111111110111101011000111
000000000001111000011100
000000000001001001100110
111111111000101111010001
111111111110101111100001
111111111010010010101010
000000000010011001001110
000000000001111000001111
111111111001000101110010
111111111111011100011100
111111111101010111111101
111111111110001101111110
000000000001000111100111
000000000100111110111110
000000000001001011111001
111111111100101111110011
111111111111010011001011
000000000110100010111000
000000000110100100100011
000000000001010011011100
000000000110000101100010
000000000110000010011001
000000000110101000111100
000000000000111111000001
000000000100100001101000
000000000001000110001111
000000000001111100110011
111111111111110001101111
000000000000111111001110
111111111011101111100001
000000000010110100011000
111111111101001111011101
111111111110111110011110
111111111111100010110011
111111111111010110010001
000000000100000010111100
111111111111010101000100
000000000010011101000000
111111111111111000001000
111111111101000011011001
111111111011111101100111
000000000010010101110101
111111111100100000111000
111111111111011011101111
111111111100000111111111
111111111100011010100100
111111111110110000010110
000000000010000000110111
111111111110110000111010
000000000010111011000110
000000000001010110101101
000000000000100100110001
111111111101100101111011
000000000011011101111101
111111111110011110110101
000000000000111001010110
000000000001011011001010
111111111101101010000100
111111111011111010110001
111111111110010110000100
000000000000101110101111
111111111101001101011100
000000000111110110011100
000000000111001101000001
000000000101000010111111
000000000110110100110101
000000000000001000100011
111111110110101100000010
000000000000010111011000
000000000100011100101100
111111111110101001100011
111111111111010111010111
111111110110111000101110
111111111010101101111111
000000000000110010000100
000000000010101100111000
000000000011110100000100
000000000011111100001100
000000000001000000000100
111111111101111100110001
111111111000111000010011
111111111101010001101100
000000000101010110111100
000000000000110101111000
000000000010100000100001
111111111101111110000000
111111111100101011010100
000000000010111010100000
111111111111111011010011
111111111101111011110000
000000000011100001101000
111111111111101001010011
111111111101010010101011
000000000011010101000100
111111111100001111111000
111111111010101101111010
000000000000100101111111
000000000010010001010010
111111111110101001100111
111111111111101000010111
111111111101111100000100
111111111111011000011101
000000000011010010101010
111111111111100101100001
000000000110011100101001
000000000000100100010101
000000000111010110101011
000000000001101111001011
111111111111011110010111
111111111100100101001001
111111111100110101111111
111111111110001101110111
111111111101100111000111
111111111010101101110000
111111111110010010000000
111111111110101001001010
111111111110110111110010
000000000000101010100111
111111111111100101100011
111111111111011010110101
111111111100101010011001
000000000001001010101001
111111111100100011111011
000000000000011011001101
111111111110110111010010
000000000011110001011100
000000000000011100100010
111111111111100011100100
111111111101011100000101
111111111100110100111000
000000000001010001011100
111111111110001011011010
111111111110111101111100
111111111111111111100101
111111111111011101111001
111111111011110000010011
000000000000101100101001
111111111000001101111110
111111111101111010000011
111111111111100011101101
000000000001110001100001
111111111100000110011001
000000000000111100010111
000000000000011100000100
111111111110011001111101
111111111110010011111111
111111111101101011010111
111111111111111111101110
111111111110110110101000
000000000010110100110110
000000000011101000100101
000000000000111111000100
000000000000000000000101
111111111110001010101101
111111111100111000011100
111111111100111001111111
111111111110000011010001
111111111101001011010001
000000000000101101110100
000000000000010000100000
000000000010101110011110
000000000100001011011010
000000000001011111000011
000000000011110001111110
000000000000111101001000
000000000000110011010111
000000000001001010100011
000000000000101101111110
111111111111001110111000
111111111110100000110011
000000000011111001000100
000000000001100110100110
111111111101110011110011
111111111110100110101111
111111111101110110100011
111111111100001000011101
000000000010011001110101
111111111100111100100110
111111111110100111001111
000000000010101101101000
000000000001001011111111
111111111101011001011000
000000000001110101001101
000000000001000111000011
000000000001000100010101
000000000010100111111111
111111111110101000111111
111111111110100000111101
111111111111011111011000
111111111100000111110001
111111111111100001101001
000000000000010010001001
111111111111111111101011
111111111101011110100110
111111111101101000000111
000000000001010000101010
111111111011011101101110
000000000100001111010110
111111111100110100101110
000000000001101011001011
111111111001000011101011
111111111111001011101011
111111111101110110100101
111111111011000111010010
111111111101011111011101
111111111111010111110010
111111111111000101111110
111111111111111010100111
111111111100011000011011
111111111110011011000011
111111111110111100011110
111111111111000010110001
111111111000110010110100
000000000000000101100111
000000000000110000000000
111111111110101111010111
000000000010111011101011
111111111001100110110101
111111111110011001111111
000000000000110011010100
000000000001111101101010
111111111101011111111011
111111111111100000001111
111111111100001001101000
111111111101000101111001
111111111101001011010111
000000000000100000000000
111111111111100000101101
111111111101111111010011
111111111111001010010100
111111111111011101110011
000000000000110001100110
111111111100110001010101
000000000010100000111011
111111111110110111001010
111111111010001011100100
000000000001100100111111
000000000000001000000110
000000000000011011100111
111111111101000001101110
111111111101111100111011
111111111110101101000010
111111111111010110001001
111111111011011100100010
000000000001110110011111
000000000001100101111010
000000000000110001010100
111111111111111010001000
000000000000010110101100
111111111110000011100110
111111111101100101110100
000000001011101001011100
000000001001011110001100
000000000010110111100100
000000001000100011001111
000000001010000010010111
000000000111101111001101
000000001001010000001100
000000001010100010100010
000000000011000001000111
000000000010010101001000
111111111110110001111011
000000000000101000101000
000000000000100011000001
000000000001101000001001
000000000001011000010000
111111111101010001111001
111111111011010001101111
111111111000101101101011
111111111011000101010011
000000000000000100001101
000000000000110011111011
111111111111000001000010
000000000000110101000000
111111111011101011000000
000000000010001111011101
000000000000011110011011
000000000000011001101000
111111111110010101001100
000000000001011000111000
111111111111010111101011
111111111101100111111111
111111111111110001001101
111111111110111110011011
111111111100100011101001
000000000000111110100010
000000000011011001111010
111111111111000000111110
000000000000111001010110
000000000000001010010110
000000000010000010001100
111111111101110111110011
111111111111100110010111
111111111100111010100010
111111111101101011001010
111111111110100111011101
000000000000111001011001
000000000000110111000101
111111111100011110011101
000000000011001000000110
000000000001010111011000
000000000001010100000010
111111111110101010010111
111111111111111000100100
000000000001101111100110
000000000001100001011000
111111111110011101011111
111111111110000011001100
111111111110000101011101
111111111111011110110110
000000000000100111010100
000000000000110100010100
111111111110100011011101
111111111101010100111001
111111111111111000101001
000000000000101010000101
000000000001001100010011
000000000011001110101110
111111111111011111110010
111111111110010110010000
000000000000011100101110
111111111111000100001011
111111111001110100000101
000000000000111010100110
111111111110101110000000
000000000001001100111001
111111111100100011010111
111111111101100010100011
111111111100110110000000
000000000011001101011000
000000000001100111000110
000000000010111101100010
000000001010101100011101
000000001101001011000101
000000000011110111001000
000000000111101001110100
000000001010101001100111
000000001010101000101101
000000000110100110100101
000000000110010110010110
000000000100001111010110
111111111111111000001011
111111111101110011000111
111111111111101111011111
000000000010100111000101
111111111110001110000011
111111111111110101011111
000000000000100001011111
000000000000010010010111
111111111110010011101111
000000000001001001110000
111111111001110001010010
111111111111001000000101
111111111110010110001100
000000000000011010111000
111111111111101101110010
111111111101111001100101
111111111110111110100111
000000000001001011111111
111111111100111110011101
000000000000100010001011
000000000001010101101000
000000000001100001010101
111111111100001001110000
111111111011001001010110
111111111110010101111110
111111111111100101011011
111111111111000011101011
111111111111010000000010
000000000001111111011100
111111111100011010111111
000000000000100000111000
111111111110100110110011
000000000001100000100110
111111111100010001010001
000000000000110011011011
111111110101010000000001
111111111101110101110001
000000000001011110101100
000000000000000011111100
111111111111110110010101
111111111111111101110100
000000000000110110101100
111111111110000101001101
111111111110001010000001
000000000000011111011001
000000000000001000010001
000000000000110010000011
111111111101101111011011
111111111101111100110101
000000000000011101001100
000000000001101110101110
111111111110100101011001
111111111111001010101110
111111111111011111100101
000000000000011110010000
000000000000010011111011
111111111111100010011101
111111111111011111011111
000000000000010110000010
111111111111111011001100
000000000000111111110000
111111111111011110000000
111111111111011000100111
000000000010000101111010
111111111111010111011111
111111111111010100010000
000000000000000000111111
111111111111111011000110
000000000000001000010011
111111111111110101100010
111111111111110100100011
000000000000000001100100
111111111111111000101111
111111111111111000000010
111111111111111101010100
111111111111110111101000
111111111111111101010000
000000000000001010111000
000000000000000010101000
111111111111111110010111
000000000000000001000101
111111111111110100010011
000000000000001001000001
000000000000010010010010
000000000000000100101110
000000000000001001010000
000000000000000000110100
111111111111111011111011
111111111111111001011011
111111111111111101100001
111111111111110011011000
111111111111101101001011
000000000000110001011010
000000000000001100000001
000000000011010100000011
000000000100110000101001
000000000010100110011111
111111111111110100010011
000000000100010111101101
000000000100110010001011
000000000011011101000010
111111111111101010001010
000000000000000111111001
000000000000000001101110
111111111111111101010111
000000000000000010000011
000000000000001100001001
000000000000000110000101
000000000000000100100010
000000000000000110100101
111111111111111000110000
000000000000010100101110
111111111111110000101101
000000000000001101010010
111111111111111011010100
111111111111001100010011
111111111110010100010011
000000000000010100010101
000000000000011100010101
111111111111111000000011
111111111111111000101000
000000000010110010011010
000000000000011011010010
000000000000000100010110
000000000000011001010011
111111111111000110100010
000000000000110100100110
000000000001011100110111
000000000000100101010111
000000000000010000101110
000000000001010100001011
000000000000001111011111
000000000001011001110100
000000000001100111000001
111111111111101000111101
000000000101001110001000
000000000011010100110011
000000000100000000110100
000000000000000000011110
111111111111111000111000
111111111111110000110110
111111111111110101001010
111111111111111010011010
000000000000000010010111
111111111111101110000001
111111111111111100001111
111111111111111000000000
111111111111111000110100
111111111111111101110010
000000000000000100011001
111111111111111001000110
000000000000010000010001
000000000000001001011110
000000000000000001001010
111111111111100110101100
000000000000000100101100
000000000000010111001010
111111111111010100000110
111111111111011011010101
000000000010001001010101
111111111111011000001000
111111111111011011010101
111111111111111011111001
111111111111111010010000
111111111111111011110011
000000000000000111000011
111111111111110011100010
111111111111110110110010
111111111111111010000011
000000000000000001001110
111111111111110000000001
111111111111101111001000
111111111111101011011100
111111111111110001100100
000000000000000001011001
111111111111111111111101
111111111111110101001110
111111111111110111100111
000000000000000101111001
111111111111111010111111
111111111111111000100101
111111111111111100011101
000000000000001010110000
111111111111110011111111
111111111111101011011110
111111111111111000101010
000000000000000000100101
000000000000000000001001
111111111111111111101010
000000000000000100001000
111111111111111011000000
000000000000000001101111
000000000000000001111100
111111111111111111001010
111111111111110111001100
111111111111111010100101
111111111111111011100100
000000000000000001101110
000000000000000010001010
000000000000000001101100
111111111111111001101011
111111111111111000011100
111111111111110111001100
000000000000001000010110
000000000000000100011000
000000000000000000011101
111111111111111101110100
111111111111111011101100
111111111111110001011001
000000000000000010000001
000000000000011010111000
000000000000000000101110
000000000000000000111000
000000000000010010001110
000000000000011001100011
000000000000010001110101
000000000000000000011000
000000000000001000110001
000000000000010000010000
000000000000000000110001
111111111111111011011000
000000000000001001111000
000000000000000110110110
000000000000000001011100
000000000000000000001110
000000000000001101111011
000000000000000110010111
000000000000010011110001
111111111111111101110100
000000000000001101011000
111111111111111001011100
111111111111111110111011
111111111111111100110111
111111111111100101011100
000000000000001010100001
000000000000001011111011
000000000000000011011111
000000000000011110010100
000000000000000000001101
000000000000000010100001
000000000000000010000000
000000000000001011111001
000000000000010000101100
000000000000001000111010
000000000000000110000101
111111111111111101101101
